31602670982.mp4 1499
130,131
254,255
364,365
483,484
587,588
662,663
737,738
961,962
1098,1099
1193,1194
1284,1285
1381,1382
1493,1494

32098094732.mp4 2873
141,142
221,222
394,395
658,659
772,773
1234,1235
1243,1244
1328,1329
1436,1437
1463,1464
1515,1519
1603,1605
1665,1667
1735,1736
1761,1762
1828,1829
1854,1855
1880,1881
1899,1900
1939,1940
1974,1975
2043,2050
2118,2119
2179,2182
2202,2203
2243,2244
2280,2281
2299,2300
2337,2338
2359,2364
2440,2441
2551,2552
2606,2607
2697,2698
2742,2743
2831,2832
2867,2868

33338203782.mp4 3449
81,82
169,170
374,375
480,525
722,57
783,784
823,824
883,884
934,935
977,978
1030,1031
1228,1229
1329,1330
1365,1366
1723,1724
1849,1897
1934,1935
2205,2209
2249,2254
2317,2318
2530,2531
2769,2770
2791,2793
2809,2811
2954,2956
3137,3138
3218,3219
3311,3312
3443,3444


33803189290.mp4  2624
85,86
130,131
255,256
351,352
432,433
489,490
814,815
891,892
972,973
1028,1029
1093,1094
1318,1319
1399,1400
1575,1576
1757,1758
1582,1853
1948,1949
2027,2028
2088,2089
2146,2147
2213,2214
2223,2224
2284,2285
2388,2389
2402,2403
2506,2507
2605,2606

34527445239.mp4 1199
201,202
367,368
416,417
463,464
525,526
563,564
650,651
706,707
789,790
819,820
896,897
903,904
908,909
915,916
931,932
969,972
984,985
988,989
994,995
1003,1004
1031,1033
1042,1043
1048,1049
1065,1066
1072,1073
1097,1098
1129,1130
1143,1144
1184,1185

34686407787.mp4 1174
61,62
85,86
142,143
240,241
289,290
382,383
410,411
431,432
494,495
537,538
607,608
651,652
688,689
711,712
748,749
862,863
902,903
930,931
959,960
1050,1053
1082,1083
1122,1123
1170,1171 

34788567535.mp4 3524
74,75
147,148
193,194
239,240
303,304
361,362
437,438
567,568
611,612
699,700
788,789
802,803
871,872
944,945
1017,1018
1084,1085
1131,1132
1297,1298
1480,1481
1545,1546
1672,1673
1746,1747
1867,1868
2015,2016
2136,2137
2203,2204
2252,2253
2307,2308
2425,2427
2526,2527
2731,2732
2855,2856
2959.2960
3056,3057
3184,3185
3307,3308
3374,3375
3515,3516


34996642719.mp4 1324
70,71
114,115
141,142
167,168
241,242
286,287
308,309
323,324
348,349
424,425
467,468
564,565
638,639
801,805
832,833
1000,1005
1247,1248
1323,1324


35087786411.mp4 2974
333,334
619,620
737,738
861,862
1227,1228
1309,1310
1403,1404
1512,1513
1702,1703
1890,1891
2006,2007
2196,2197
2263,2264
2692,2693
2808,2809
2950,2951

35219009690.mp4 1174
48,49
83,84
124,125
149,150
171,172
202,203
241,242
308,309
338,339
351,352
366,367
392,393
445,446
482,483
517,518
580,581
623,624
642,643
692,693
708,709
803,804
843,844
932,933
1008,1009
1098,1099
1153,1154

35460496768.mp4 3449
50,51
229,230
402,403
559,560
679,680
798,799
1108,1109
1187,1188
1339,1340
1414,1415
1476,1477
1698,1699
1969,1970
2019,2020
2117,2118
2300,2301
2360,2361
2568,2569
2626,2627
2731,2732
2764,2765
2862,2863
2975,2976
3008,3009
3041,3042
3067,3068
3106,3107
3130,3131
3198,3199
3245,3246
3314,3315

35479067600.mp4 724
242,243
248,249
314,319
458,459
497,498
520,521
570,571
610,611
683,684
709,710

38667643656.mp4 649
65,66
121,122
180,181
236,237
290,291
338,339
375,376
428,429
465,466
501,502
552,553
582,583
629,630

39672724739.mp4 574
51,52
132,133
202,203
292,293
414,415
480,481
568,,569

40355287299.mp4 474
128,129
149,158
243,244
271,272
321,322
378,379
458,459

41268001962.mp4 774
147,148
398,399
522,523
543,544
596,597
654,655
673,674
693,694
772,773

42394122179.mp4 674
82,83
152,153
188,189
207,208
238,245
279,282
286,289
320,321
402,403
466,469
491,492
542,543
561,660
669,670

42728994306.mp4 874
10,12
108,109
188,189
225,231
236,237
265,266
329,335
379,380
556,557
628,629
653,654
671,672
699,700
716,717
745,746
771,772
790,810
862,863

43235160681.mp4 824
156,157
185,187
290,291
304,305
499,500
596,597
695,696
792,793
821,822

45049681519.mp4 1074
162,163
243,250
285,286
323,324
401,402
502,503
525,526
565,566
595,596
610,611
632,633
666,667
771,772
870,871
1070,1071

45049694598.mp4 949
105,106
178,179,
232,233,
280,281
299,300
322,323
441,442
452,453
488,489
516,517
652,653
679,680
695,696
747,748
871,880
944,945

46431791499.mp4 749
306,307
329,330
441,442
459,460
595,599
620,621
670,671
694,695
730,731
750,751
785,786
872,873
943,944


46435147625.mp4 1024
80,81
110,111
159,160
216,217
255,256
344,345
411,412
499,500
535,536
555,556
580,581
611,612
617,618
666,667
710,711
783,784
813,814
840,841
857,858
880,881
953,954
1023,1024

47704122306.mp4 1024
3,4
87,88
124,125
271,272
359,360
397,398
433,434
552,553
579,580
690,691
740,741
788,789
864,865
937,938
970,971
1019,1020

47957669295.mp4 724
66,71
157,162
240,249
296,300
325,330
368,373
387,388
410,411
450,451
475,477
507,508
565,574
641,649
703,704

48122821346.mp4 724
72,73
102,109
127,128
135,136
175,176
206,207
229,230
252,253
264,265
301,302
384,385
422,423
443,444
542,543
640,641

48150725657.mp4 449
94,95
196,197
262,263
330,331
389,390
442,443

48168996848.mp4 924
95,96
196,197
255,256
450,451
503,504
554,555
596,597
655,656
701,702
766,767
875,876
923,924

48422312550.mp4 1099
237,238
320,321
438,439
478,479
580,581
646,647
766,767
815,821
1016,1017
1097,1098


48428664833.mp4 1099
64,65
400,401
476,477
524,525
586,587
648,649
961,962
1076,1077

48525951955.mp4 699
84,91
193,195
231,233
264,268
681,682

48555393513.mp4 1124
56,64
92,93
135,136
162,163
215,216
330,331
388,389
433,434
476,477
517,518
621,622
710,711
754,755
816,817
861,862
893,894
925,926
998,999
1101,1102

48580643264.mp4 1074
312,313
366,367
378,379
401,405
476,484
596,599
616,617
679,680
1062,1063

48702737472.mp4 874
61,62
154,155
213,214
361,362
412,413
476,480
509,510
605,609
638,639
663,666
696,699
756,757
792,797
858,859

48925830537.mp4 699
58,59
106,107
163,164
209,210
245,246
281,287
312,313
370,371
490,491
503,504
531,532
577,578
680,681

48938017856.mp4 474
83,84
107,108
151,152
159,168
183,184
210,220
234,235
267,274
291,299
327,334
373,374
426,432
469,470

49056150592.mp4 649
104,105
245,246
315,325
370,374
410,412
456,458
471,472
488,490
592,597
638,639

49104256364.mp4 874
207,208
300,301
565,568
639,642
649,650
672,673
691,692
730,740
854,855

49127679449.mp4 599
60,61
103,104
155,156
213,215
293,294
345,346
363,364
382,383
409,410
445,446
460,461
488,489
521,522
595,596
 
49128288729.mp4 849
458,459
507,508
548,549
572,573
632,633
638,639
690,691
718,720
755,758
770,780
839,840

49165867542.mp4 1424
1365,1366
1420,1421

49175269235.mp4 849
131,132
194,195
278,279
311,312
354,355
396,397
462,463
494,495
527,528
575,576
642,643
811,812

49361878016.mp4 1099
69,70
109,110
269,270
368,369
506,507
674,675
751,752
789,790
822,823
951,952
999,1000
1019,1020

49417897188.mp4 874
26,27
69,71
169,170
276,279
300,301
327,329
357,358
392,394
414,415
429,430
438,440
462,463
509,511
530,532
546,547
561,563
588,589
603,604
622,623
666,667
727,728
736,738
760,761
795,797
825,826
839,840

49423747891.mp4 1099
260,261
272,276
318,319
406,407
459,460
540,544
567,571
643,644
669,674
694,695
698,699
702,703
706,707
716,717
720,721
726,727
730,731
738,739
742,743
748,749
757,758
779,780
623,624
868,869
878,879
932,933
974,975
1055,1057

49448664375.mp4 699
22,23
46,47
59,60
88,89
100,101
143,144
185,186
212,213
253,254
288,289
315,316
349,350
393,394
418,419
449,450
481,482
508,509
544,545
564,565
605,606
627,628
657,658
686,687

49590867472.mp4 924
100,101
317,318
554,555
676,677
816,817
824,827
912,913

49751514232.mp4 499
57,58
102,103
204,205
234,235
249,250
279,280
326,327
382,383
415,416
447,448
483,484

49810176625.mp4 1399
35,36
80,81
135,136
204,205
267,268
291,292
296,297
315,316
382,383
403,404
427,428
498,499
544,545
604,605
665,666
735,736
806,807
861,862
941,942
1044,1045
1112,1113
1171,1172
1217,1218
1272,1273
1302,1303
1327,1328
1375,,1376

49829527274.mp4 774
281,282
337,338
443,444
518,519
524,525
547,548
581,582
593,595
608,609
695,705
751,752

49866241316.mp4 849
77,78
142,143
170,171
303,304
319,320
336,337
566,568
403,406
433,436
481,482
491,493
499,500
519,521
553,556
576,578
594,597
679,680
707,710
800,805
832,833

49872735446.mp4 999
97,98
119,120
165,168
253,254
279,280
338,339
455,456
471,472
488,489
518,521
556,558
585,588
633,634
644,646
650,651
669,672
707,709
728,730
746,749
792,793
803,805
830,831
860,862
952,956
984,985

49873920550.mp4 424
43,44
72,73
141,144
213,214
221,222
228,229
249,250
280,281
292,293
352,353
387,388
391,394

49932347732.mp4 474
56,57
139,140
217,218
227,230
243,244
306,307
316,317
325,328
351,352
423,424
446,447
466,467

49968590052.mp4 874
175,176
286,288
247,348
397,398
428,430
464,468
482,483
546,547
592,593
620,621
646,647
674,675
733,734
856,857
871,872

49974694347.mp4 1119
74,75
136,137
145,146
220,221
351,352
373,374
768,769
791,792
1017,1018
1093,1094
1181,1182

49986240582.mp4 724
325,326
370,372
456,458
485,488
521,523
535,536
560,561
610,612
644,645
672,674
700,701

49991804504.mp4 949
874,875
945,946

50001129472.mp4 499
186,187
298,299
404,407
496,497

50137860051.mp4 824
169,170
271,272
404,405
572,573
647,648
690,691
713,714
753,754
803,804

50162190619.mp4 799
154,155
344,347
433,434
497,499
565,567
602,605
619,620
651,652
676,677
705,707
728,729
760,761
794,795

50165129516.mp4 524
97,98
165,166
519,520

50226319770.mp4 1074
22,23
44,45
59,60
104,105
123,124
175,180
192,193
227,228
265,266
304,305
315,316
329,330
374,375
423,424
488,493
497,498
511,512
537,538
545,546
557,558
571,573
595,596
613,614
638,648
653,654
753,754
761,762
768,769
786,787
795,796
811,812
940,941
967,968
990,991
1057,1058

50227703718.mp4 699
294,295
334,335
381,382
421,422
447,453
489,495
512,513
544,545
687,688

50234611771.mp4 374
311,322
372,373

50263378711.mp4 824
743,744
802,804

50270306832.mp4 674
77,78
143,144
229,230
275,276
379,380
480,481
615,629
668,669

50303521644.mp4 724
49,50
128,129
216,217
242,243
247,249
274,275
306,307
343,344
360,361
415,416
465,466
480,481
498,499
541,542
558,559
585,586
662,663
712,713

50327031530.mp4 1124
127,135
205,208
244,255
322,323
353,369
399,404
721,722
813,815
833,834
858,860
880,885
1003,1008
1049,1053
1084,1091

50371974318.mp4 474
149,150
225,230
253,256
417,418
469,470

50571672955.mp4 774
102,103
192,193
317,320
479,480
574,575
608,609
625,630
685,686
759,760

50626588188.mp4 599
42,43
374,375
401,405
507,508
598,599

50630424920.mp4 499
97,98
124,125
166,167
181,184
208,209
234,235
253,254
274,275
293,294
312,314
328,330
367,369
443,458
488,489

50681534960.mp4 799
13,14
137,138
271,272
511,512
555,556
690,691
787,788

50685420175.mp4 474
5,12
26,27
51,52
79,80
106,107
115,116
127,128
144,145
151,152
163,165
189,190
211,212
231,232
246,247
262,263
271,272
283,284
296,297
315,316
358,359
369,370
394,395
419,420
440,441
453,454

50691559420.mp4 474
424,425
459,460

50720766115.mp4 149
129,130

50722456474.mp4 699
16,17
41,42
67,68
85,86
112,113
126,127
160,161
211,212
232,233
281,282
335,336
346,355
367,373
481,495
544,550
602,608
676,677

50730132874.mp4 674
62,63
126,127
179,191
239,253
314,315
430,431
467,468
546,547
660,661

50737710150.mp4 774
125,126
201,202
273,274
321,322
409,413
434,438
489,490
514,518
542,546
568,573
597,600
612,630
696,705
726,731
741,742
773,774

50747609363.mp4 424
164,169
182,183
205,209
294,296
408,409

50757545897.mp4 549
169,170
182,185
230,233
294,297
305,309
397,400
443,444
548,549

50765072433.mp4 899
174,175
277,278
464,467
618,619
708,709
753,754
798,799
889,890

50779805009.mp4 749
154,155
181,188
260,261
347,350
384,385
410,413
437,438
489,491
493,499
517,518
544,548
574,575
596,597
661,662
727,728

50790423077.mp4 8899
1541,1542
1665,1666
1805,1806
1930,1935
2102,2103
2310,2311
2584,2585
2712,2713
3020,3021
3047,3048
3088,3089
3175,3176
3872,3874
3948,3949
4053,4054
4380,4394
4490,4491
4619,4620
4673,4674
4734,4735
4801,4802
4846,4847
4969,4970
5256,5257
5390,5391
5452,5453
5760,5770
6129,6130
6421,6422
6531,6532
6915,6916
7049,7050
7426,7427
7586,7587
7737,7738
7910,7911
8026,8027
8219,8220
8333,8334
8526,8527
8884,8885

50808944385.mp4 1124
45,46
107,108
197,198
287,288
316,317
374,375
428,439
482,483
531,532
561,562
588,590
615,616
628,630
652,654
665,667
684,685
696,698
734,735
765,767
778,779
797,798
814,815
819,820
853,854
881,882
892,893
925,931
946,949
979,981
996,999
1032,1035
1061,1062
1104,1105

50848182878.mp4 974
51,52
98,99
197,198
292,293
376,377
419,420
444,445
632,633
679,680
752,753
775,776
809,810
883,884
960,961

50849447019.mp4 1149
56,57
125,126
154,155
297,298
492,493
546,547
698,699
800,801
830,831
843,844
848,849
882,883
910,911
921,922
961,962
976,977
992,993
1002,1003
1018,1019
1028,1029
1044,1045
1054,1055
1090,1091
1133,1034

50968965875.mp4 974
55,56
95,96
161,162
212,213
262,263
305,306
406,407
439,440
484,485
533,534
625,630
657,658
684,685
714,715
774,775
893,894
971,972

50986712274.mp4 949
46,47
129,130
173,174
280,281
296,297
402,403
451,452
600,601
647,648
720,721
743,744
777,778
851,852
933,934

51017299441.mp4 799
719,720
794,795

51035653483.mp4 1099
87,88
134,135
265,266
287,288
333,334
395,396
443,444
532,533
603,604
637,638
660,661
693,694
751,752
826,827
879,880
1018,1019
1079,1080

51045274803.mp4 674
131,132
196,197
223,224
375,376
409,410
673,674

51052713926.mp4 1324
90,91
117,118
156,157
215,216
249,250
364,365
562,563
599,600
724,725
832,833
878,879
900,901
971,972
1001,1002
1014,1015
1019,1020
1053,1054
1070,1071
1081,1082
1092,1093
1132,1133
1147,1148
1163,1164
1173,1174
1189,1190
1215,1216
1225,1226
1261,1262
1304,1305

51054735528.mp4 624
81,82
166,167
242,243
359,360
380,381
409,410
433,434
491,492
510,511
530,531
550,551
609,610

51056517648.mp4 549
42,43
230,231
253,257
382,383
448,449
531,532

51074670820.mp4 499
71,72
176,177
220,224
323,327
334,335
390,391
484,485
496,497

51084574165.mp4 3149
110,111
224,225
313,314
359,360
424,425
475,476
530,531
592,593
673,674
752,753
805,806
933,934
1012,1013
1124,1125
1203,1204
1320,2321
1405,1406
1544,1545
1658,1659
1848,1849
2019,2020
2118,2119
2163,2164
2201,2202
2248,2249
2338,2339
2481,2482
2512,2513
2582,2583
2638,2639
2672,2673
2773,2774
2859,2860
2890,2891
3032,3033

51131501640.mp4 799
108,109
251,252
391,392
480,481
495,497
522,523
541,542
548,549
567,568
579,580
588,589
607,608
622,623
626,628
642,644
655,657
667,668
681,683
757,773
792,793

51140128058.mp4 599
54,55
79,80
102,103
129,130
161,162
208,209
227,228
248,249
267,268
287,288
307,308
318,319
330,331
354,355
373,374
419,420
440,449
484,485
534,535
589,590

51146516534.mp4 599
81,82
100,101
258,259
297,298
332,333
362,365
371,372
392,395
433,434
447,450
458,459
493,494
522,523
588,589

51156423976.mp4 1049
709,714
746,747
792,806
845,846
947,952
1039,1040

51174508193.mp4 549
77,78
155,162
182,185
239,246
285,297
330,331
359,366
389,390
459,478
541,542

51194977739.mp4 574
96,111
506,507
567,568

51196454667.mp4 774
100,113
156,158
200,201
347,348
445,446
520,521
568,569
580,581
591,592
610,611
622,623
635,636
651,652
693,699
753,754

51200382743.mp4 374
69,70
181,182
267,268
292,293
312,313
362,363

51331409617.mp4 1049
96,97
219,231
311,312
713,714
728,732
755,756
774,775
781,782
800,801
821,822
840,841
855,856
859,861
875,877
888,890
900,901
914,916
990,1007
1035,1036

51358309965.mp4 574
275,276
301,302
338,339
405,406
444,445
487,488
550,551

51365944152.mp4 699
280,281
303,304
339,352
528,529
630,631
694,695

51469341755.mp4 549
63,78
162,179
296,297
349,350
417,418
497,498
529,530

51495477416.mp4 699
106,107
113,114
377,378
459,460
538,539
634,635
688,689

51513541245.mp4 649
68,75
119,122
175,176
205,210
270,271
292,293
302,308
334,341
405,418
446,450
486,489
508,509
519,524
566,571
625,631
642,643

51545595598.mp4 899
78,80
93,97
197,198
269,272
570,571
658,659
706,707
780,781
843,844
888,889

51557245308.mp4 474
249,250
305,306
321,322
349,350
380,381
422,424
462,463

51564867434.mp4 324
134,135
155,156
270,271
319,320

51569443007.mp4 1149
20,21
74,75
215,216
748,749
1102,1103
1146,1147

51570855957.mp4 599
119,120
360,361
390,391
519,520
587,588

51617398959.mp4 624
125,130
250,255
454,455
526,527
579,580
617,618

51618238639.mp4 624
110,112
177,178
190,195
373,374
401,404
422,423
456,457
515,530

51619015176.mp4 999
32,33
61,62
136,137
233,234
364,365
706,707
764,767
862,863
916,917
946,947
975,976

51640627175.mp4 899
71,72
98,99
220,221
247,248
294,295
325,326
341,344
356,357
405,406
441,442
508,509
686,688
699,700
727,729
773,774
876,877

51797484957.mp4 524
433,434
518,519

51801047674.mp4 649
142,143
188,189
196,197
217,218
236,241
291,298
410,411
431,432
454,456
499,500
544,545
570,574
606,607
648,649

51813343076.mp4 299
248,249
291,292

51815641249.mp4 549
57,58
151,152
196,197
238,239
298,299
456,457
477,479
528,529

51821110945.mp4 574
41,43
106,108
244,245
276,290
415,416
508,509
560,561

51828385722.mp4 1674
1419,1420
1457,1461
1659,1660

51835104532.mp4 574
94,95
189,190
284,285
379,380
474,475
569,570

51835726569.mp4 749
65,66
287,288
36,37
287,288
347,349
369,370
413,414
446,447
530,531
611,612
664,665
726,727

51849706623.mp4 1374
98,99
106,107
223,224
380,390
829,830
866,867
890,895
910,911
941,944
959,960
964,965
975,976
981,982
1060,1070
1155,1156
1172,1174
1209,1210
1240,1246
1355,1356

51850440470.mp4 524
167,168
241,242
302,303
383,384
474,475
523,524

51850561120.mp4 674
64,65
97,98
109,110
148,149
172,173
197,198
331,332
390,391
491,496
668,669

51851251322.mp4 474
419,435
462,463

51851851628.mp4 1324
82,83
88,89
112,113
225,226
249,250
322,324
428,429
482,483
607,608
902,903
1117,1118
1319,1320

51853159475.mp4 724
92,93
136,137
145,147
176,182
192,196
207,212
224,230
310,312
335,337
348,354
364,370
381,385
395,401
413,418
426,432
441,444
512,513
539,540
596,599
620,624
706,707
720,721

51853218995.mp4 724
563,564
633,635
668,670
713,714

51854738831.mp4 549
469,470
544,545

51856514703.mp4 899
231,232
336,337
482,485
518,520
587,590
620,624
709,710
718,719
766,767
837,838
886,887

51856804342.mp4 599
110,111
194,196
206,207
276,278
290,293
352,353
399,402
534,535

51863405337.mp4 449
77,78
121,122
160,163
201,203
283,285
300,301
330,333
370,372
380,382
430,431

51864484769.mp4 749
43,44
82,83
143,150
197,198
228,229
303,304
353,354
377,378
431,432
472,473
638,639
659,660

51865414031.mp4 424
128,129
336,337
411,412

51872584288.mp4 824
69,70
117,125
163,164
199,200
234,235
286,287
314,315
353,354
397,398
448,449
493,494
599,600
637,638
703,704
751,752
807,808

51879134193.mp4 674
80,81
101,102
135,136
249,250
267,268
280,281
298,299
303,304
346,347
413,414
436,440
466,467
489,491
501,502
595,596
604,605
660,661

51880356601.mp4 499
79,80
284,285
386,387
402,405
428,429
475,476

51883607241.mp4 699
25,26
38,39
57,58
151,152
324,325
424,425
435,436
479,480
509,510
682,683

51885117989.mp4 299
29,30
161,162
221,222
297,298

51898637293.mp4 524
153,154
211,212
245,246
301,302
329,330
349,350
379,380
404,405
315,316

51907659300.mp4 799
9,10
530,531
724,725
797,798

51907740028.mp4 649
553,554

51909559955.mp4 374
356,357

51909970302.mp4 724
82,83
150,151
239,240
311,312
386,387
457,458
535,536
628,629
719,720

51910832568.mp4 3149
110,111
224,225
313,314
359,360
424,425
475,476
530,531
592,593
673,674
752,753
805,806
933,934
1012,1013
1124,1125
1203,1204
1320,1321
1405,1406
1544,1545
1848,1849
2019,2020
2118,2119
2163,2164
2201,2202
2216,2219
2248,2249
2338,2339
2424,2425
2481,2482
2512,2513
2524,2528
2582,2583
2638,2639
2672,2673
2773,2774
2807,2811
2859,2860
2890,2891
3032,3033

51912752762.mp4 724
18,19
140,141
208,209
255,256
312,313
380,381
403,405
423,424
536,537
574,575
623,624
641,642
672,673
718,719

51918316554.mp4 724
162,163
172,175
219,220
415,420
481,485
529,530
572,573
606,607
629,630
666,667
713,714

51922596545.mp4 424
67,75
143,155
205,215
274,286
339,350
408,409

51923064451.mp4 1199
77,78
177,178
206,207
274,275
301,302
383,384
421,422
550,551
591,592
627,628
672,673
710,711
821,822
861,862
918,919
960,961
998,999
1028,1029
1087,1088
1193,1194

51923537640.mp4 299
46,47
80,81
180,181
257,258
293,294

51923935135.mp4 424
220,221
245,250
314,322
363,365
409,410

51928713536.mp4 599
50,51
97,98
128,129152,153
186,187
202,203
227,228
264,265
303,304
402,403
487,488
542,552
587,588

51936013776.mp4 624
605,606

51939034262.mp4 749
74,75
89,90
119,120
181,191
252,255
321,322
364,365
447,448
744,745

51962508790.mp4 599
9,10
34,35
77,79
93,94
164,166
180,182
228,229
284,285
311,312
334,335
342,343
384,385
404,405
455,457
477,478
504,505
575,576

51962572932.mp4 599
23,24
86,87
115,116
134,135
149,150
213,214
312,313
330,331
367,368
388,394
450,451
472,473
502,503
523,524
540,541
582,583
596,597

51968175576.mp4 499
49,55
72,73
103,107
145,146
189,190
307,308
428,429
488,489

51968224744.mp4 599
15,16
102,103
110,111
183,184
227,228
593,594

51970090159.mp4 699
140,141
160,161
172,173
204,205
304,305
327,328
360,363
388,389
422,423
440,441
563,564627,628
679,680

51993797249.mp4 499
32,33
100,101
163,164
180,183
239,240
251,252
272,273
284,285
359,360
430,431

52005807908.mp4 499
26,27
183,184
205,206
303,304
423,426
487,488

52016519169.mp4 499
30,33
50,52
118,119
161,162
221,222
296,297
345,346
396,397
416,420
497,498

52018134395.mp4 499
51,52
107,108
171,172
200,201
219,220
244,245
293,294
349,350
368,369
425,426
472,473
492,493

52018429962.mp4 574
270,271
328,329
380,381
416,417
432,433
470,471
495,496
559,560

52018916530.mp4 649
89,90
99,100
159,161
212,214
229,230
246,247
264,265
281,282
321,322
351,352
587,588
594,595
630,631

52019528845.mp4 249
28,33
82,87
159,160
244,245

52020580256.mp4 499
90,95
228,234
428,435
488,489

52021424972.mp4 799
64,65
111,112
217,218
230,237
308,310
336,337
456,457
536,537
558,559
584,590
650,653
683,684
686,687
779,780
793,794

52028106533.mp4 799
47,48
112,113
155,156
213,214
274,275
312,313
344,345
379,380
441,445
466,467
506,507
591,592
613,614
675,677
693,694
783,784

52030638204.mp4 474
385,395
459,460

52033248229.mp4 999
116,117
141,142
235,236
273,274
309.310
353,354
389,392
466,467
477,478
586,587
700,701
739,740
774,775
846,849
890,891
925,926
982,983

52036282996.mp4 699
236,237
258,259
308,309
372,373
397,398
442,443
527,528
638,639

52039188217.mp4 324
270,271
323,324

52040994145.mp4 949
94,95
369,370
597,598
857,858
927,928

52065612239.mp4 449
112,113
136,137
155,156
179,180
338,339
355,356
367,368
380,381
443,444

52067280221.mp4 674
87,88
161,162
189,190
200,203
228,229
275,280
379,380
437,440
483,486
521,523
561,562
637,644
665,666

52079863242.mp4 824
206,207
271,272
335,336
392,399
454,455
469,470
783,784
817,818

52087094906.mp4 624
17,18
30,31
116,117
185,186
205,206
234,235
274,275
307,308
317,318
329,330
334,337
342,343
369,370
436,437
459,460
485,486
503,504
514,515
536,537
545,558
608,609

52088212431.mp4 699
157,158
315,316
468,469
626,627
691,692

52091274367.mp4 474
144,145
218,219
255,256
274,276
295,296
320,321
374,375
409,416
464,465

52103654873.mp4 624
119,120
168,169
228,229
424,425
471,472
506,507
550,551
561,562
575,576
609,610


52131043148.mp4 449
24,25
57,58
79,80
117,118
205,206
218,219
239,240
247,248
267,268
304,305
328,329
355,356
392,393
427,428
447,448

52209347635.mp4 849
75,76
116,118
142,143
189,190
224,225
273,274
316,317
338,339
391,392
438,439
465,466
494,495
515,516
556,557
575,576
603,604
624,625
651,652
678,679
711,712
743,744
815,816
832,833

52214628406.mp4 799
81,82
202,203
242,243
333,334
378,379
408,409
511,512
706,716
784,785

52216796277.mp4 974
65,66
106,107
119,120
138,139
182,183
223,224
236,237
275,276
335,336
408,409
427,428
494,495
545,546
576,584
620,621
649,650
660,661
725,726
736,737
759,760
781,782
834,835
908,917
950,951

52221509412.mp4 449
26,27
53,54
83,86
109,110
116,117
154,155
185,186
242,243
257,258
317,319
333,334
401,402
428,429

52223316995.mp4 799
81,82
102,104
150,151
194,195
250,255
264,267
287,288
315,317
342,343
355,356
373,374
384,385
429,430
485,491
533,534
582,585
627,628
647,663
768,769
781,782

52226954801.mp4 699
48,49
89,90
137,138
185,186
236,237
290,296
321,322
375,383
406,407
423,424
442,443
488,489
565,572
594,595
606,607
658,659
681,682

52227178506.mp4 849
68,81
132,133
147,149
166,173
196,197
243,244
290,291
302,303
307,308
313,314
320,321
325,326
329,330
380,381
434,440
465,466
519,527
550,551
567,568
586,588
631,633
709,717
738,741
750,751
802,803
825,826

52245031253.mp4 1099
249,250
269,270
285,286
315,317
328,329
363,364
382,383
415,417
434,435
525,526
547,548
584,588
607,608
695,696
714,715
741,743
788,789
1047,1048
1082,1083


52251949405.mp4 5274
42,43
91,92
498,499
614,615
668,669
725,726
839,840
922,923
979,980
1049,1050
1102,1103
1160,1161
1224,1225
1274,1275
1334,1335
1429,1430
1467,1468
1504,1536
1645,1646
1673,1674
1769,1770
1871,1872
1904,1905
1933,1937
2264,2265
2324,2325
2409,2470
2582,2583
2694,2695
2757,2758
2830,2831
2929,2930
3014,3015
3052,3053
3134,3135
3200,3201
3252,3253
3332,3333
3356,3357
3381,3362
3438,3449
3752,3753
3865,3866
4079,4080
4180,4181
4285,4286
4414,4415
4477,4478
4638,4639
4758,4759
4803,4804
4854,4855
5023,5024
5046,5047
5136,5137
5164,5165
5251,5252


52255639206.mp4 899
80,81
199,225
305,325
487,493
531,532
639,641
679,681
705,706
749,751
786,787
835,840
888,889

52265488856.mp4 824
815,816



52267415630.mp4 849
115,116
127,128
248,249
334,335
646,647


52270627051.mp4 774
401,408
751,752

52282289812.mp4 799
120,121
669,670
333,334
416,417
465,466
569,573
584,592
601,606
632,633
698,699
734,735
775,776

52285405847.mp4 449
63,64
96,97
117,118
145,146
179,180
215,216
265,266
305,306
340,351
389,390

52288425765.mp4 774
165,166
226,227
315,316
350,351
382,383
402,403
412,418
437,438
477,478
558,564
584,585
644,649
664,665
699,700
754,755

52292069163.mp4 874
69,70
175,176
231,232
612,613
641,642
696,697
720,721
731,732
759,764
841,842
868,869

52342275440.mp4 524
306,307
422,445
509,510

52344741598.mp4 974
247,248
304,305
544,545
600,601
607,608
612,613
699,702
731,732
761,762
828,829
874,875
902,903
972,973

52346547912.mp4 1024
235,239
314,315
529,530
653,654
688,689
727,728
739,741
747,751
812,813
981,982
1003,1004

52355335974.mp4 624
61,62
91,92
114,123
163,172
221,222
727,729
278,286
320,324
360,364
407,408
444,445
475,476
550,551
607,608

52389995463.mp4 2549
149,150
269,270
293,303
309,310
334,335
391,392
435,436
484,485
505,507
608,609
650,651
703,704
733,734
757,758
785,786
816,817
834,835
803,804
878,890
954,955
984,985
1006,1007
1067,10681151,1152
1176,1177
1204,1205
1228,1229
1282,1283
1286,1288
1316,1317
1349,1350
1378,1379
1432,1433
1476,1477
1517,1518
1586,1587
1629,1630
1733,1734
1759,1760
1800,1801
1896,1897
1926,1927
1952,1953,
1981,1982
2076,2077
2191,2192
2266,2267
2376,2377
2526,2527

52402555008.mp4 449
36,37
134,135
142,143
169,170
189,190
212,213
236,237
251,252
273,276
297,300
318,319
442,443

52404159929.mp4 874
441,442
488,489
522,523
594,595
613,617
651,653
665,669
691,695
708,720
747,750
769,772
800,805
826,827
870,871

52412930261.mp4 699
52,53
104,105
142,145
172,176
199,200
255,260
277,281
352,353
411,435
550,562
635,636
691,691

52428336453.mp4 849
162,183
207,208
367,368
378,379
387,388
415,416
423,424
763,764
797,798
808,809
844,845

52459332798.mp4 974
81,82
121,122
151,152
169,181
194,195
222,234
243,244
309,310
463,464
492,493
510,511
535,536
551,552
575,576
675,677
689,694
702,704
717,724
732,734
747,757
770,771
785,795
800,802
813,815
831,832
935,936
965,966

52463663295.mp4 1124
145,146
206,207
269,271
289,294
340,341
383,384
438,439
560,561
571,572
668,669
836,838
921,922
1036,1037
1101,1102

52465455105.mp4 999
116,117
141,142
235,236
273,274
309,310
353,354
389,392
466,467
477,478
586,587
700,701
742,745
754,755
774,775
846,849
890,891
925,926
982,983

52476323242.mp4 949
49,50
96,97
114,115
129,130
167,168
217,218
316,317
358,359
454,455
547,548
553,554
568,570
583,584
597,598
608,610
622,623
635,636
654,655
698,699
706,707
723,724
736,737
794,795
848,849
878,879
933,934

52476325188.mp4 949
105,106
175,176
294,295
415,416
476,477
561,562
617,618
654,655
686,687
730,731
740,745
764,765
782,783
825,826
866,867
909,910
945,946

52527042670.mp4 499
65,70
125,130
203,204
299,300
375,376
478,479

52639473545.mp4 474
54,55
101,102
110,111
119,122
154,155
172,173
208,209
238,240
259,260
285,286
316,317
335,336
367,368
383,384
392,394
415,416
450,451

52648682110.mp4 799
50,51
86,87
110,111
135,136
146,147
152,153
160,161
180,181
190,191
268,269
337,338
399,400
492,493
575,576
692,693
794,795

52655310968.mp4 624
248,249
278,279
303,304
340,341
398,399
449,450
477,478
488,490
517,518
612,613

52656520843.mp4 724
90,91
115,116
201,202
225,226
320,321
350,351
385,386
587,588
660,661
711,712

52660362549.mp4 799
128,130
256,259
379,381
503,506
624,625
655,660
669,672
784,785

52663756053.mp4 624
68,69
143,144
170,171
194,195
202,203
345,350
452,453
506,507
517,518
586,594
618,619

52678323813.mp4 749
208,212
318,319
327,335
359,360
404,406
423,424
556,558
587,588
600,602
621,622
645,648
686,688
737,738

52678926817.mp4 1074
1067,1068

52696661527.mp4 899
124,125
174,175
552,553
589,590
634,635
704,706
714,715
748,751
833,837
893,894

52724536845.mp4 874
81,82
154,155
292,293
352,353
378,379
455,456
536,537
575,576
597,598
635,636
779,787

52738625825.mp4 699
66,67
257,258
287,288
360,361
596,597
660,661
684,685

52764067265.mp4 999
19,21
34,35
93,94
114,116
121,122
127,128
144,145
164,165
169,170
177,178
267,268
371,372
409,410
496,497
523,524
559,560
627,628
654,655
686,687
713,717
737,738
790,791
881,882
910,912
956,959
977,978

52774861683.mp4 1149
247,264
284,285
304,315
502,504
630,683
703,715
956,957
1036,1042
1129,1130

52862789455.mp4 349
152,165
326,338

52866623001.mp4 924
93,94
630,631
665,666
693,694
728,729
790,796
814,815
875,876
914,915

52905722207.mp4 599
66,67
136,137
154,156
167,168
189,193
288,289
327,328
342,345
411,412
419,420
447,449
490,491
524,525
591,592

52906475525.mp4 1024
159,160
241,242
255,256
297,298
330,349
395,396
486,487
581,582
755,756
1018,1019

52911335778.mp4 849
300,308
419,455
807,817
846,847

52955209496.mp4 1024
94,96
69,70
95,96
110,111
171,172
187,188
210,211
264,265
345,346
365,366
383,384
466,467
619,620
642,643
647,648
687,688
722,723
803,804
816,817
869,870
894,895
948,953
1009,1010

52967140310.mp4 499
223,224
219,225
300,301
353,354

52984248093.mp4 1149
51,52
98,99
197,198
292,293
376,377
419,420
444,445
632,633
657,662
674,675
703,704
751,752
768,769
777,778
813,814
832,833
848,849
872,873
915,916
940,941
1016,1017
1074,1075
1121,1122
1143,1144

52984250725.mp4 1149
146,147
216,217
282,283
328,329
429,431
627,628
652,657
669,670
698,699
746,747
763,764
772,773
808,809
827,828
843,844
910,911
935,936
1011,1012
1069,1070
1116,1117
1138,1139

53018630268.mp4 949
32,33
121,122
182,183
204,205
240,241
270,271
277,278
302,310
369,370
403,404
416,419
444,448
488,489
563,564
591,592
600,601
636,643
649,650
677,678
699,700
728,729
754,755
782,785
809,814
871,876
932,933

53052409117.mp4 699
22,23
117,118
155,156
190,191
235,236
271,274
358,360
468,469
537,542
550,551
640,641
677,678

53080754988.mp4 649
87,88
154,155
235,236
262,263
370,371
459,460
486,487
500,516
575,580
638,639

53085157367.mp4 599
86,87
116,119
207,208
240,241
274,275
292,293
305,306
334,335
375,376
404,406
430,431
448,450
486,487
495,497
513,514
544,548
573,574

53093515746.mp4 649
25,26
94,95
271,272
297,299
421,423
509,511
616,619
647,648

53094825299.mp4 774
81,82
87,88
337,338
355,356
371,372
425,426
437,438
715,716
757,758

53109630716.mp4 949
100,101
135,136
205,208
234,235
647,648
689,692
701,702
721,722
790,798
872,873
929,930

53144847925.mp4 849
38,39
92,93
182,183
242,249
319,320
328,330
348,349
380,383
422,424
455,456
488,489
593,594
657,658
701,702
736,737
774,775
835,836

53159808242.mp4 849
118,119
137,138
205,206
248,250
292,293
321,322
410,411
549,550
618,619
648,649
716,717
831,833
847,848

53159810406.mp4 949
66,68
163,167
240,241
324,325
349,350
399,400
423,424
450,451
490,491
535,536
612,613
659,660
729,730
735,737
769,770
785,786
804,805
822,823
865,870
904,908
933,934

12580139534.mp4 1323
80,81
149,150
178,183
253,254
343,344
448,449
528,529
585,586
633,634
668,669
712,713
733,734
767,768
69,870
937,941
960,964
1043,1044
1101,1102
1247,1249
1322,1323

13306838459.mp4 1229
58,59
138,139
202,203
286,287
604,605
655,656
688,689
713,714
744,745
774,775
855,859
965,966
993,994
1142,1143
1228,1229

13335596295.mp4 1229
58,59
138,139
202,203
286,287
604,605
655,656
688,689
713,714
744,745
774,775
855,859
965,966
993,994
1142,1143
1228,1229

17331353453.mp4 1089
58,59
174,175
224,225
262,263
300,301
438,439
470,471
484,485
536,537
711,712
732,733
847,848
898,899
1088,1089

18592632588.mp4 1128
18,19
61,62
106,107
170,171
247,248
336,337
448,449
486,487
582,583
736,737
817,818
838,839
1034,1038
1127,1128

19079860649.mp4 1531
167,168
252,253
327,328
329,330
494,495
627,628
697,698
784,785
1129,1130
1215,1216
1300,1301
1386,1387
1472,1473
1530,1531

20915607770.mp4 3005
54,55
174,175
217,218
361,362
463,464
503,504
537,538
613,614
813,814
937,938
1066,1067
1400,1401
1492,1493
1763,1764
2094,2095
2198,2199
2294,2295
2513,2514
2563,2564
2682,2683
2767,2769
2936,2942
3004,3005

21267401290.mp4 1141
82,83
195,196
240,241
350,351
406,407
701,707
764,765
792,793
841,842
912,913
945,946
981,982
1039,1040
1140,1141

21752568485.mp4 1469
35,36
61,62
90,91
129,130
143,144
206,207
250,251
339,340
390,391
414,415
427,428
526,527
539,540
554,555
592,593
625,626
655,656
681,682
709,710
795,796
829,830
849,850
875,876
914,915
952,953
1059,1060
1074,1075
1095,1096
1117,1118
1159,1160
1192,1193
1320,1321
1468,1469

24881886015.mp4 1441
5,6
30,31
62,63
75,76
96,97
127,128
188,189
206,207
294,295
341,342
429,430
475,476
590,591
616,617
662,663
768,769
817,818
1050,1051
1132,1133
1192,1198
1276,1277
1323,1324
1333,1334
1373,1374
1440,1441

25104158143.mp4 1230
54,55
95,96
152,153
225,226
324,325
359,360
428,429
470,471
498,499
579,580
680,681
732,733
754,755
981,982
1022,1023
1037,1038
1060,1061
1144,1145
1229,1230

25545843427.mp4 1163
26,27
43,44
60,61
77,78
255,256
312,313
489,490
496,497
600,601
606,607
767,768
804,805
891,892
933,934
943,944
1007,1008
1015,1016
1135,1136
1162,1163

25843031323.mp4 1186
230,231
266,267
315,316
497,498
545,546
590,591
625,626
672,673
718,719
746,747
825,826
904,905
1014,1015
1106,1107
1185,1186

26760770402.mp4 1271
142,143
154,155
187,188
209,210
231,232
253,254
385,386
545,546
592,593
673,674
509,510
914,915
955,956
1021,1023
1082,1083
1192,1193
1270,1271

26922743731.mp4 1130
34,35
68,69
85,86
115,116
158,159
185,186
240,241
290,291
350,351
528,529
557,558
582,583
602,603
623,624
651,652
735,736
844,845
885,886
1015,1016
1043,1044
1056,1057
1084,1085
1099,1100
1129,1130

27107740997.mp4 1127
4,5
48,49
85,86
141,142
210,214
247,248
289,290
414,415
462,463
508,512
542,543
609,610
675,676
709,710
744,745
803,804
867,868
899,900
961,962
1002,1006
1050,1051
1120,1121

27109494185.mp4 1185
25,26
90,91
145,146
184,185
319,320
374,375
406,407
450,451
519,520
554,555
564,565
599,600
650,651
663,664
729,730
838,839
859,860
876,880
889,891
914,915
950,951
982,984
1062,1063
1086,1088
1183,1184

27158734094.mp4 1158
116,117
160,164
279,283
408,409
460,461
568,569
602,603
755,756
857,858
929,930
948,949
1005,1006
1054,1055
1157,1158

27201556521.mp4 1211
84,85
111,112
130,131
155,156
175,176
201,202
241,242
338,339
428,429
467,468
496,497
552,553
617,618
651,652
688,689
720,721
744,745
794,795
921,925
980,981
1126,1130
1210,1211


27438014338.mp4 1159
74,75
197,198
259,260
301,302
422,423
544,545
613,614
657,658
1100,1101
1158,1159

27683571059.mp4 1206
43,44
102,103
127,128
145,146
186,187
202,203
228,229
323,324
420,421
474,475
567,568
666,667
708,709
782,783
834,835
886,887
1004,1005
1035,1036
1077,1078
1142,1143
1173,1174
1205,1206

28180930978.mp4 1420
71,72
178,179
213,214
277,278
304,305
341,342
363,364
402,406
421,422
475,476
525,526
592,593
616,617
657,658
694,695
729,730
761,762
860,861
945,946
1018,1019
1136,1137
1238,1239
1340,1341
1419,1420

28251171415.mp4 3962
10,11
102,103
138,139
153,154
178,179
207,208
265,266
357,358
493,494
596,602
624,626
671,672
841,842
1047,1048
1077,1078
1137,1138
1190,1191
1366,1367
1412,1413
1423,1424
1458,1459
1536,1537
1660,1661
1722,1723
1768,1769
1797,1798
1855,1856
1943,1944
2036,2037
2206,2207
2314,2315
2377,2378
2499,2500
2527,2531
2602,2603
2809,2810
2861,2865
2911,2912
3107,3108
3234,3235
3296,3297
3449,3450
3568,3569
3645,3646
3961,3962

28541329142.mp4 1232
120,121
172,173
191,192
232,233
288,289
334,335
397,398
423,424
491,492
502,503
520,521
605,606
688,689
754,755
799,800
828,829
864,865
910,911
941,942
961,962
973,974
987,988
1011,1012
1018,1019
1030,1031
1154,1155
1231,1232

28582983201.mp4 1225
67,68
233,234
286,287
321,322
334,335
346,347
409,410
466,467
522,523
548,549
643,644
813,814
941,942
1118,1119
1171,1172

28618861546.mp4 1136
13,14
73,74
87,88
108,109
131,132
180,181
224,225
248,249
267,268
294,295
317,318
409,410
426,427
438,439
493,494
537,538
614,615
659,660
750,751
834,835
893,894
982,984
991,992
1131,1132

28855524125.mp4 1421
49,50
302,303
340,341
380,381
103,104
504,505
592,593
635,636
693,694
855,856
931,932
1187,1188
1223,1224
1248,1249
1295,1296
1420,1421

29015928124.mp4 1082
810,811
928,929
956,957
1034,1035
1081,1082

29021603968.mp4 1082
810,811
928,929
956,957
1034,1035
1081,1082

29047239060.mp4 1247
160,161
248,249
282,283
297,298
353,354
422,423
521,522
578,579
667,668
681,682
776,777
839,840
928,929
1061,1062
1082,1083
1146,1147
1211,1212
1246,1247

29479812490.mp4 1207
55,56
67,68
94,95
128,129
200,201
219,220
242,243
319,320
336,337
390,391
455,456
497,498
575,576
612,613
643,644
782,783
819,820
986,987
1036,1037
1078,1079
1130,1131
1206,1207

29485022257.mp4 1371
31,32
51,52
99,100
122,123
145,146
170,171
193,194
286,287
306,307
353,354
394,395
405,406
437,438
469,470
520,521
539,540
569,570
576,577
587,588
629,630
649,650
661,662
715,717
748,749
872,873
973,974
1088,1089
1169,1170
1276,1277
1370,1371

29513386332.mp4 1304
2,3
30,31
65,66
95,96
138,139
159,160
170,171
231,232
258,259
311,312
340,341
371,372
394,395
478,479
551,552
580,581
757,758
819,820
869,870
917,928
981,987
1000,1001
1038,1039
1054,1055
1083,1084
1113,1113
1155,1156
1231,1232
1271,1272
1303,1304

29810433315.mp4 1170
289,293
361,362
432,433
490,491
606,608
783,784
817,818
894,895
939,940
1028,1029
1099,1100
1169,1170

29814491978.mp4 1161
8,9
19,20
33,34
50,51
78,79
100,101
124,125
139,140
184,185
201,202
265,266
284,285
303,304
314,315
334,335
344,345
363,364
394,395
340,341
485,486
485,486
509,510
601,602
626,627
639,640
653,654
718,719
741,742
781,782
789,790
585,586
920,921
954,955
1058,1059
1077,1078
1160,1161

30281817898.mp4 1159
39,40
87,88
145,146
286,287
342,343
371,372
430,431
567,568
645,646
705,706
809,810
857,858
909,930
970,971
1073,1074
1096,1097
1121,1122
1158,1159

30287673412.mp4 1139
157,158
195,196
253,254
291,292
386,387
485,486
743,744
825,826
928,929
971,972
1038,1039
1076,1077
1138,1139

30324481655.mp4 1145
61,65
158,159
176,177
217,218
238,239
265,266
277,278
304,305
330,334
381,382
406,407
474,475
535,536
601,602
639,640
752,753
778,780
824,825
919,920
1004,1005
1052,1053
1144,1145

30325167905.mp4 1412
24,25
43,44
57,58
74,75
100,101
164,165
216,217
292,293
421,422
462,463
510,514
640,641
724,728
822,823
864,865
900,901
952,953
1108,1109
1146,1147
1283,1284
1358,1359
1408,1409

30382060590.mp4 1251
849,850
975,976
994,995
1001,1002
1024,1025
1046,1047
1134,1135
1185,1186
1250,1251

30467539465.mp4 1141
34,35
47,48
74,75
128,129
155,156
202,203
248,249
280,281
363,364
380,381
445,446
465,466
515,516
572,573
715,716
753,754
827,828
869,870
900,901
952,953
977,978
1043,1044
1118,1119
1140,1141

30699682698.mp4 2476
90,91
172,173
203,204
223,224
268,269
304,305
335,336
356,357
389,390
437,438
474,475
516,517
604,605
631,632
689,690
777,778
865,866
918,919
957,958
998,999
1140,1141
1181,1182
1353,1354
1427,1428
1486,1487
1600,1601
1729,1730
1790,1791
2009,2010
2056,2057
2186,2187
2223,2224
2384,2385
2475,2476

30703362207.mp4 1261
139,140
232,233
293,294
480,481
614,615
652,653
720,721
740,741
899,900
958,959
1013,1014
1076,1077
1168,1170
1260,1261

30782114256.mp4 1143
55,56
89,90
123,124
179,180
219,220
236,237
272,273
355,356
447,448
550,551
590,591
727,728
805,806
898,899
1023,1024
1057,1058
1141,1143

31013295734.mp4 1267
30,31
71,72
113,114
170,171
246,247
341,342
382,383
456,457
507,508
587,588
642,643
701,711
812,813
1129,1130
1266,1267

31593489737.mp4 1451
110,111
126,127
149,150
180,181
218,219
252,253
311,312
344,345
379,380
420,421
458,459
566,567
704,705
742,743
853,854
878,879
921,922
987,988
1052,1053
1155,1156
1208,1209
1229,1230
1306,1307
1363,1364
1414,1415
1450,1451

31857251592.mp4 1727
580,584
1311,1312
1373,1374
1394,1395
1424,1425
1468,1469
1515,1516
1557,1558
1665,1666
1725,1726

32140458676.mp4 1771
55,57
165,166
226,227
303,304
329,330
367,368
403,404
543,544
569,570
639,640
681,682
815,816
1056,1057
1087,1088
1247,1249
1363,1364
1438,1444
1700,1701
1770,1771

32425425946.mp4 1418
36,37
91,92
141,142
165,166
211,212
282,283
307,308
365,366
458,460
508,509
538,539
577,578
609,610
633,634
890,891
916,917
972,973
1153,1155
1172,1173
1199,1200
1275,1276
1331,1337
1417,1418

33245560395.mp4 1448
163,164
238,239
380,381
431,432
548,549
568,569
590,591
605,606
640,641
656,657
675,676
692,693
739,740
797,798
865,866
944,945
970,971
1058,1059
1084,1085
1105,1106
1130,1131
1218,1219
1269,1271
1306,1307
1355,1356
1405,1406
1447,1448

33442613297.mp4 2430
233,234
254,255
436,437
591,592
924,954
1074,1094
1226,1234
1324,1328
1661,1662
1725,1742
1827,1828
1884,1886
1960,1962
1978,1980
2080,2081
2194,2200
2355,2356
2362,2363
2417,2425

34582898411.mp4 1658
39,40
110,111
201,202
247,248
292,293
350,351
414,415
456,457
540,541
558,559
796,797
942,943
1024,1026
1074,1076
1225,1227
1343,1345
1461,1462
1578,1582
1657,1658

34990687893.mp4 1512
87,88
119,120
213,214
260,261
289,290
414,415
437,438
574,575
585,586
707,711
877,878
915,916
1182,1183
1480,1481
1511,1512

35144084768.mp4 1563
322,325
920,921
941,942
1019,1020
1249,1250
1305,1306
1381,1382
1470,1471
1562,1563

35146145613.mp4 1681
65,66
105,110
195,199
292,298
370,374
494,495
534,535
930,934
1015,1016
1357,1363
1464,1470
1529,1534
1680,1681

35531061865.mp4 1908
330,331
377,378
419,420
511,512
637,638
826,827
953,954
1130,1131
1210,1211
1271,1272
1307,1308
1407,1408
1461,1462
1503,1504
1517,1518
1567,1568
1583,1584
1639,1640
1650,1651
1680,1681
1729,1730
1808,1809
1902,1903
1906,1907

35548115024.mp4 1397
351,352
425,426
493,494
518,519
713,714
971,972
1013,1014
1052,1053
1058,1059
1103,1104
1187,1188
1285,1286
1396,1397

48543247831.mp4 2110
2109,2110


49921964653.mp4 1921
458,459
1358,1359
1823,1824
1920,1021

50631744680.mp4 587
121,122
175,176
230,231
276,277
318,319
394,395
420,421
479,480
533,534
586,587

50738220483.mp4 453
452,453

50777251302.mp4 2750


50801592522.mp4 1446
36,37
83,84
101,102
130,131
206,207
464,465
956,957
1316,1317
1445,1446

51125469840.mp4 684
30,31
67,68
98,99
161,162
227,228
325,326
506,507
637,638
683,684

51195576293.mp4 588
62,63
104,105
165,166
207,208
256,257
331,332
437,438
587,588

51403266113.mp4 1785
618,619
685,686
761,762
853,854
949,950
1077,1078
1145,1146
1199,1200
1249,1250
1344,1345
1397,1398
1415,1416
1460,1461
1578,1579
1784,1785

51503199923.mp4 1316
83,84
179,180
267,268
363,364
429,430
470,471
500,501
556,557
597,598
723,724
730,731
750,751
964,965
1249,1250
1315,1316

51666131105.mp4 1514
6,7
19,20
39,40
63,64
96,97
192,193
256,257
312,313
395,396
429,430
525,526
616,617
735,736
843,844
875,876
948,949
1162,1163
1238,1240
1326,3128
1373,1375
1410,1411
1447,1448
1513,1514

51822315486.mp4 1123
36,37
125,126
218,219
258,259
840,841
879,880
914,915
987,988
1030,1031
1065,1066
1122,1123

51860804629.mp4 765
340,341
349,350
422,424
487,489
525,526
567,568
595,596
629,630
679,680
763,764

51864336391.mp4 2409
2340,2341
2408,2409

51974495393.mp4 538
20,21
66,67
126,127
149,150
212,213
310,313
339,340
399,402
465,466
537,538

51991451479.mp4 1241
548,560
624,625
686,687
759,760
1110,1111
1240,1241

52058235156.mp4 2170
2169,2170

52211719138.mp4 1386
76,77
104,105
188,189
304,305
360,361
400,401
443,444
528,529
608,609
651,652
783,783
842,843
990,991
1020,1026
1158,1159
1230,1231
1313,1314
1285,1286

52211794196.mp4 1313
83,84
179,180
267,268
363,364
429,430
470,471
500,501
556,557
597,598
723,724
730,731
750,751
774,775
859,860
941,942
1109,1110
1165,1166
1191,1192
1234,1235
1280,1281
1312,1313

52211836241.mp4 1297
67,68
163,164
251,252
347,348
413,414
454,455
484,485
540,541
581,582
707,708
714,715
734,735
758,759
925,926
1093,1094
1149,1150
1175,1176
1218,1219
1264,1265
1296,1297

52230867826.mp4 2082
233,234
386,389
561,571
845,850
1080,1086
1336,1337
1870,1875
2081,2082

52231725528.mp4 438
10,11
192,193
330,331
437,438

52278251659.mp4 439
43,44
95,96
132,133
200,202
231,232
242,243
291,292
368,369
438,439

52300997756.mp4 796
696,697
795,796

52306102332.mp4 427
124,125
316,317
426,427

52326893657.mp4 1316
83,84
179,180
245,246
341,342
429,430
470,471
500,501
556,557
597,598
723,724
750,751
964,965
1249,1250
1315,1316

52402925028.mp4 288
71,72
287,288

52484229807.mp4 1307
127,128
157,158
222,223
299,301
360,361
403,404
470,471
497,498
566,567
594,595
658,661
1244,1246
1288,1293

52522500717.mp4 1278
51,52
70,71
186,187
245,246
267,268
347,350
408,409
451,452
518,519
630,631
648,649
741,742
1205,1208
1277,1288

52541409045.mp4 1861
446,467
933,943
1420,1432
1861,1862

52737439669.mp4 675
46,47

52778146763.mp4 680
141,142
165,166
204,205
238,239
561,562
607,608
679,680

53080375054.mp4 764
115,117
142,143
238,240
265,266
426,428
453,454
600,602
710,711
763,764

12580139534.mp4 1323
80,81
149,150
178,183
253,254
343,344
448,449
528,529
585,586
633,634
668,669
712,713
733,734
767,768
69,870
937,941
960,964
1043,1044
1101,1102
1247,1249
1322,1323

13306838459.mp4 1229
58,59
138,139
202,203
286,287
604,605
655,656
688,689
713,714
744,745
774,775
855,859
965,966
993,994
1142,1143
1228,1229

13335596295.mp4 1229
58,59
138,139
202,203
286,287
604,605
655,656
688,689
713,714
744,745
774,775
855,859
965,966
993,994
1142,1143
1228,1229

17331353453.mp4 1089
58,59
174,175
224,225
262,263
300,301
438,439
470,471
484,485
536,537
711,712
732,733
847,848
898,899
1088,1089

18592632588.mp4 1128
18,19
61,62
106,107
170,171
247,248
336,337
448,449
486,487
582,583
736,737
817,818
838,839
1034,1038
1127,1128

19079860649.mp4 1531
167,168
252,253
327,328
329,330
494,495
627,628
697,698
784,785
1129,1130
1215,1216
1300,1301
1386,1387
1472,1473
1530,1531

20915607770.mp4 3005
54,55
174,175
217,218
361,362
463,464
503,504
537,538
613,614
813,814
937,938
1066,1067
1400,1401
1492,1493
1763,1764
2094,2095
2198,2199
2294,2295
2513,2514
2563,2564
2682,2683
2767,2769
2936,2942
3004,3005

21267401290.mp4 1141
82,83
195,196
240,241
350,351
406,407
701,707
764,765
792,793
841,842
912,913
945,946
981,982
1039,1040
1140,1141

21752568485.mp4 1469
35,36
61,62
90,91
129,130
143,144
206,207
250,251
339,340
390,391
414,415
427,428
526,527
539,540
554,555
592,593
625,626
655,656
681,682
709,710
795,796
829,830
849,850
875,876
914,915
952,953
1059,1060
1074,1075
1095,1096
1117,1118
1159,1160
1192,1193
1320,1321
1468,1469

24881886015.mp4 1441
5,6
30,31
62,63
75,76
96,97
127,128
188,189
206,207
294,295
341,342
429,430
475,476
590,591
616,617
662,663
768,769
817,818
1050,1051
1132,1133
1192,1198
1276,1277
1323,1324
1333,1334
1373,1374
1440,1441

25104158143.mp4 1230
54,55
95,96
152,153
225,226
324,325
359,360
428,429
470,471
498,499
579,580
680,681
732,733
754,755
981,982
1022,1023
1037,1038
1060,1061
1144,1145
1229,1230

25545843427.mp4 1163
26,27
43,44
60,61
77,78
255,256
312,313
489,490
496,497
600,601
606,607
767,768
804,805
891,892
933,934
943,944
1007,1008
1015,1016
1135,1136
1162,1163

25843031323.mp4 1186
230,231
266,267
315,316
497,498
545,546
590,591
625,626
672,673
718,719
746,747
825,826
904,905
1014,1015
1106,1107
1185,1186

26760770402.mp4 1271
142,143
154,155
187,188
209,210
231,232
253,254
385,386
545,546
592,593
673,674
509,510
914,915
955,956
1021,1023
1082,1083
1192,1193
1270,1271

26922743731.mp4 1130
34,35
68,69
85,86
115,116
158,159
185,186
240,241
290,291
350,351
528,529
557,558
582,583
602,603
623,624
651,652
735,736
844,845
885,886
1015,1016
1043,1044
1056,1057
1084,1085
1099,1100
1129,1130

27107740997.mp4 1127
4,5
48,49
85,86
141,142
210,214
247,248
289,290
414,415
462,463
508,512
542,543
609,610
675,676
709,710
744,745
803,804
867,868
899,900
961,962
1002,1006
1050,1051
1120,1121

27109494185.mp4 1185
25,26
90,91
145,146
184,185
319,320
374,375
406,407
450,451
519,520
554,555
564,565
599,600
650,651
663,664
729,730
838,839
859,860
876,880
889,891
914,915
950,951
982,984
1062,1063
1086,1088
1183,1184

27158734094.mp4 1158
116,117
160,164
279,283
408,409
460,461
568,569
602,603
755,756
857,858
929,930
948,949
1005,1006
1054,1055
1157,1158

27201556521.mp4 1211
84,85
111,112
130,131
155,156
175,176
201,202
241,242
338,339
428,429
467,468
496,497
552,553
617,618
651,652
688,689
720,721
744,745
794,795
921,925
980,981
1126,1130
1210,1211


27438014338.mp4 1159
74,75
197,198
259,260
301,302
422,423
544,545
613,614
657,658
1100,1101
1158,1159

27683571059.mp4 1206
43,44
102,103
127,128
145,146
186,187
202,203
228,229
323,324
420,421
474,475
567,568
666,667
708,709
782,783
834,835
886,887
1004,1005
1035,1036
1077,1078
1142,1143
1173,1174
1205,1206

28180930978.mp4 1420
71,72
178,179
213,214
277,278
304,305
341,342
363,364
402,406
421,422
475,476
525,526
592,593
616,617
657,658
694,695
729,730
761,762
860,861
945,946
1018,1019
1136,1137
1238,1239
1340,1341
1419,1420

28251171415.mp4 3962
10,11
102,103
138,139
153,154
178,179
207,208
265,266
357,358
493,494
596,602
624,626
671,672
841,842
1047,1048
1077,1078
1137,1138
1190,1191
1366,1367
1412,1413
1423,1424
1458,1459
1536,1537
1660,1661
1722,1723
1768,1769
1797,1798
1855,1856
1943,1944
2036,2037
2206,2207
2314,2315
2377,2378
2499,2500
2527,2531
2602,2603
2809,2810
2861,2865
2911,2912
3107,3108
3234,3235
3296,3297
3449,3450
3568,3569
3645,3646
3961,3962

28541329142.mp4 1232
120,121
172,173
191,192
232,233
288,289
334,335
397,398
423,424
491,492
502,503
520,521
605,606
688,689
754,755
799,800
828,829
864,865
910,911
941,942
961,962
973,974
987,988
1011,1012
1018,1019
1030,1031
1154,1155
1231,1232

28582983201.mp4 1225
67,68
233,234
286,287
321,322
334,335
346,347
409,410
466,467
522,523
548,549
643,644
813,814
941,942
1118,1119
1171,1172

28618861546.mp4 1136
13,14
73,74
87,88
108,109
131,132
180,181
224,225
248,249
267,268
294,295
317,318
409,410
426,427
438,439
493,494
537,538
614,615
659,660
750,751
834,835
893,894
982,984
991,992
1131,1132

28855524125.mp4 1421
49,50
302,303
340,341
380,381
103,104
504,505
592,593
635,636
693,694
855,856
931,932
1187,1188
1223,1224
1248,1249
1295,1296
1420,1421

29015928124.mp4 1082
810,811
928,929
956,957
1034,1035
1081,1082

29021603968.mp4 1082
810,811
928,929
956,957
1034,1035
1081,1082

29047239060.mp4 1247
160,161
248,249
282,283
297,298
353,354
422,423
521,522
578,579
667,668
681,682
776,777
839,840
928,929
1061,1062
1082,1083
1146,1147
1211,1212
1246,1247

29479812490.mp4 1207
55,56
67,68
94,95
128,129
200,201
219,220
242,243
319,320
336,337
390,391
455,456
497,498
575,576
612,613
643,644
782,783
819,820
986,987
1036,1037
1078,1079
1130,1131
1206,1207

29485022257.mp4 1371
31,32
51,52
99,100
122,123
145,146
170,171
193,194
286,287
306,307
353,354
394,395
405,406
437,438
469,470
520,521
539,540
569,570
576,577
587,588
629,630
649,650
661,662
715,717
748,749
872,873
973,974
1088,1089
1169,1170
1276,1277
1370,1371

29513386332.mp4 1304
2,3
30,31
65,66
95,96
138,139
159,160
170,171
231,232
258,259
311,312
340,341
371,372
394,395
478,479
551,552
580,581
757,758
819,820
869,870
917,928
981,987
1000,1001
1038,1039
1054,1055
1083,1084
1113,1113
1155,1156
1231,1232
1271,1272
1303,1304

29810433315.mp4 1170
289,293
361,362
432,433
490,491
606,608
783,784
817,818
894,895
939,940
1028,1029
1099,1100
1169,1170

29814491978.mp4 1161
8,9
19,20
33,34
50,51
78,79
100,101
124,125
139,140
184,185
201,202
265,266
284,285
303,304
314,315
334,335
344,345
363,364
394,395
340,341
485,486
485,486
509,510
601,602
626,627
639,640
653,654
718,719
741,742
781,782
789,790
585,586
920,921
954,955
1058,1059
1077,1078
1160,1161

30281817898.mp4 1159
39,40
87,88
145,146
286,287
342,343
371,372
430,431
567,568
645,646
705,706
809,810
857,858
909,930
970,971
1073,1074
1096,1097
1121,1122
1158,1159

30287673412.mp4 1139
157,158
195,196
253,254
291,292
386,387
485,486
743,744
825,826
928,929
971,972
1038,1039
1076,1077
1138,1139

30324481655.mp4 1145
61,65
158,159
176,177
217,218
238,239
265,266
277,278
304,305
330,334
381,382
406,407
474,475
535,536
601,602
639,640
752,753
778,780
824,825
919,920
1004,1005
1052,1053
1144,1145

30325167905.mp4 1412
24,25
43,44
57,58
74,75
100,101
164,165
216,217
292,293
421,422
462,463
510,514
640,641
724,728
822,823
864,865
900,901
952,953
1108,1109
1146,1147
1283,1284
1358,1359
1408,1409

30382060590.mp4 1251
849,850
975,976
994,995
1001,1002
1024,1025
1046,1047
1134,1135
1185,1186
1250,1251

30467539465.mp4 1141
34,35
47,48
74,75
128,129
155,156
202,203
248,249
280,281
363,364
380,381
445,446
465,466
515,516
572,573
715,716
753,754
827,828
869,870
900,901
952,953
977,978
1043,1044
1118,1119
1140,1141

30699682698.mp4 2476
90,91
172,173
203,204
223,224
268,269
304,305
335,336
356,357
389,390
437,438
474,475
516,517
604,605
631,632
689,690
777,778
865,866
918,919
957,958
998,999
1140,1141
1181,1182
1353,1354
1427,1428
1486,1487
1600,1601
1729,1730
1790,1791
2009,2010
2056,2057
2186,2187
2223,2224
2384,2385
2475,2476

30703362207.mp4 1261
139,140
232,233
293,294
480,481
614,615
652,653
720,721
740,741
899,900
958,959
1013,1014
1076,1077
1168,1170
1260,1261

30782114256.mp4 1143
55,56
89,90
123,124
179,180
219,220
236,237
272,273
355,356
447,448
550,551
590,591
727,728
805,806
898,899
1023,1024
1057,1058
1141,1143

31013295734.mp4 1267
30,31
71,72
113,114
170,171
246,247
341,342
382,383
456,457
507,508
587,588
642,643
701,711
812,813
1129,1130
1266,1267

31593489737.mp4 1451
110,111
126,127
149,150
180,181
218,219
252,253
311,312
344,345
379,380
420,421
458,459
566,567
704,705
742,743
853,854
878,879
921,922
987,988
1052,1053
1155,1156
1208,1209
1229,1230
1306,1307
1363,1364
1414,1415
1450,1451

31857251592.mp4 1727
580,584
1311,1312
1373,1374
1394,1395
1424,1425
1468,1469
1515,1516
1557,1558
1665,1666
1725,1726

32140458676.mp4 1771
55,57
165,166
226,227
303,304
329,330
367,368
403,404
543,544
569,570
639,640
681,682
815,816
1056,1057
1087,1088
1247,1249
1363,1364
1438,1444
1700,1701
1770,1771

32425425946.mp4 1418
36,37
91,92
141,142
165,166
211,212
282,283
307,308
365,366
458,460
508,509
538,539
577,578
609,610
633,634
890,891
916,917
972,973
1153,1155
1172,1173
1199,1200
1275,1276
1331,1337
1417,1418

33245560395.mp4 1448
163,164
238,239
380,381
431,432
548,549
568,569
590,591
605,606
640,641
656,657
675,676
692,693
739,740
797,798
865,866
944,945
970,971
1058,1059
1084,1085
1105,1106
1130,1131
1218,1219
1269,1271
1306,1307
1355,1356
1405,1406
1447,1448

33442613297.mp4 2430
233,234
254,255
436,437
591,592
924,954
1074,1094
1226,1234
1324,1328
1661,1662
1725,1742
1827,1828
1884,1886
1960,1962
1978,1980
2080,2081
2194,2200
2355,2356
2362,2363
2417,2425

34582898411.mp4 1658
39,40
110,111
201,202
247,248
292,293
350,351
414,415
456,457
540,541
558,559
796,797
942,943
1024,1026
1074,1076
1225,1227
1343,1345
1461,1462
1578,1582
1657,1658

34990687893.mp4 1512
87,88
119,120
213,214
260,261
289,290
414,415
437,438
574,575
585,586
707,711
877,878
915,916
1182,1183
1480,1481
1511,1512

35144084768.mp4 1563
322,325
920,921
941,942
1019,1020
1249,1250
1305,1306
1381,1382
1470,1471
1562,1563

35146145613.mp4 1681
65,66
105,110
195,199
292,298
370,374
494,495
534,535
930,934
1015,1016
1357,1363
1464,1470
1529,1534
1680,1681

35531061865.mp4 1908
330,331
377,378
419,420
511,512
637,638
826,827
953,954
1130,1131
1210,1211
1271,1272
1307,1308
1407,1408
1461,1462
1503,1504
1517,1518
1567,1568
1583,1584
1639,1640
1650,1651
1680,1681
1729,1730
1808,1809
1902,1903
1906,1907

35548115024.mp4 1397
351,352
425,426
493,494
518,519
713,714
971,972
1013,1014
1052,1053
1058,1059
1103,1104
1187,1188
1285,1286
1396,1397

48543247831.mp4 2110
2109,2110


49921964653.mp4 1921
458,459
1358,1359
1823,1824
1920,1021

50631744680.mp4 587
121,122
175,176
230,231
276,277
318,319
394,395
420,421
479,480
533,534
586,587

50738220483.mp4 453
452,453

50777251302.mp4 2750


50801592522.mp4 1446
36,37
83,84
101,102
130,131
206,207
464,465
956,957
1316,1317
1445,1446

51125469840.mp4 684
30,31
67,68
98,99
161,162
227,228
325,326
506,507
637,638
683,684

51195576293.mp4 588
62,63
104,105
165,166
207,208
256,257
331,332
437,438
587,588

51403266113.mp4 1785
618,619
685,686
761,762
853,854
949,950
1077,1078
1145,1146
1199,1200
1249,1250
1344,1345
1397,1398
1415,1416
1460,1461
1578,1579
1784,1785

51503199923.mp4 1316
83,84
179,180
267,268
363,364
429,430
470,471
500,501
556,557
597,598
723,724
730,731
750,751
964,965
1249,1250
1315,1316

51666131105.mp4 1514
6,7
19,20
39,40
63,64
96,97
192,193
256,257
312,313
395,396
429,430
525,526
616,617
735,736
843,844
875,876
948,949
1162,1163
1238,1240
1326,3128
1373,1375
1410,1411
1447,1448
1513,1514

51822315486.mp4 1123
36,37
125,126
218,219
258,259
840,841
879,880
914,915
987,988
1030,1031
1065,1066
1122,1123

51860804629.mp4 765
340,341
349,350
422,424
487,489
525,526
567,568
595,596
629,630
679,680
763,764

51864336391.mp4 2409
2340,2341
2408,2409

51974495393.mp4 538
20,21
66,67
126,127
149,150
212,213
310,313
339,340
399,402
465,466
537,538

51991451479.mp4 1241
548,560
624,625
686,687
759,760
1110,1111
1240,1241

52058235156.mp4 2170
2169,2170

52211719138.mp4 1386
76,77
104,105
188,189
304,305
360,361
400,401
443,444
528,529
608,609
651,652
783,783
842,843
990,991
1020,1026
1158,1159
1230,1231
1313,1314
1285,1286

52211794196.mp4 1313
83,84
179,180
267,268
363,364
429,430
470,471
500,501
556,557
597,598
723,724
730,731
750,751
774,775
859,860
941,942
1109,1110
1165,1166
1191,1192
1234,1235
1280,1281
1312,1313

52211836241.mp4 1297
67,68
163,164
251,252
347,348
413,414
454,455
484,485
540,541
581,582
707,708
714,715
734,735
758,759
925,926
1093,1094
1149,1150
1175,1176
1218,1219
1264,1265
1296,1297

52230867826.mp4 2082
233,234
386,389
561,571
845,850
1080,1086
1336,1337
1870,1875
2081,2082

52231725528.mp4 438
10,11
192,193
330,331
437,438

52278251659.mp4 439
43,44
95,96
132,133
200,202
231,232
242,243
291,292
368,369
438,439

52300997756.mp4 796
696,697
795,796

52306102332.mp4 427
124,125
316,317
426,427

52326893657.mp4 1316
83,84
179,180
245,246
341,342
429,430
470,471
500,501
556,557
597,598
723,724
750,751
964,965
1249,1250
1315,1316

52402925028.mp4 288
71,72
287,288

52484229807.mp4 1307
127,128
157,158
222,223
299,301
360,361
403,404
470,471
497,498
566,567
594,595
658,661
1244,1246
1288,1293

52522500717.mp4 1278
51,52
70,71
186,187
245,246
267,268
347,350
408,409
451,452
518,519
630,631
648,649
741,742
1205,1208
1277,1288

52541409045.mp4 1861
446,467
933,943
1420,1432
1861,1862

52737439669.mp4 675
46,47

52778146763.mp4 680
141,142
165,166
204,205
238,239
561,562
607,608
679,680

53080375054.mp4 764
115,117
142,143
238,240
265,266
426,428
453,454
600,602
710,711
763,764

31096180742.mp4
[73,82]
[251,252]
[305,306]
[464,465]
[614,615]
[780,781]
[1132,1133]
[1253,1254]
[1366,1367]

32391528106.mp4
[62,63]
[89,90]
[106,107]
[128,129]
[197,198]
[241,243]
[327,328]
[442,443]
[507,508]
[528,529]
[575,576]
[622,623]
[777,778]
[819,820]
[848,849]
[933,934]
[950,951]
[973,974]
[993,994]
[1007,1008]
[1034,1035]
[1070,1071]
[1108,1109]
[1122,1123]
[1131,1132]
[1185,1186]
[1280,1281]

32633458968.mp4
[26,27]
[157,158]
[185,186]
[214,215]
[334,335]
[356,357]
[545,546]
[581,582]
[623,624]
[646,647]
[769,770]
[793,794]
[810,811]
[834,835]
[993,884]
[921,922]
[993,994]
[1018,1019]
[1054,1055]
[1126,1127]
[1198,1199]
[1235,1236]

33399569005.mp4
[117,119]
[325,330]
[490,493]
[666,670]
[1099,1100]
[1130,1131]
[1210,1211]
[1299,1300]
[1301,1302]

33741950358.mp4
[39,40]
[69,70]
[102,103]
[121,122]
[164,165]
[227,228]
[356,357]
[388,389]
[485,486]
[590,591]
[695,696]
[735,736]
[762,763]
[821,823]
[888,889]
[964,965]
[980,981]
[997,998]
[1004,1005]
[1070,1071]
[1143,1144]

33748307569.mp4
[64,65]
[92,93]
[118,119]
[140,141]
[213,214]
[256,257]
[271,272]
[486,487]
[567,568]
[592,593]
[608,609]
[643,644]
[707,708]
[772,773]
[828,829]
[870,871]
[913,914]
[942,943]
[980,981]
[1014,1015]
[1059,1060]
[1158,1159]

34323989202.mp4
[40,41]
[45,46]
[124,125]
[128,129]
[197,198]
[202,203]
[257,258]
[261,262]
[311,312]
[315,316]
[382,383]
[387,388]
[466,467]
[470,471]
[528,529]
[533,534]
[581,582]
[585,586]
[648,649]
[652,653]
[742,743]
[746,747]
[803,804]
[807,808]
[826,827]
[829,830]
[843,844]
[844,845]
[885,886]
[890,891]
[953,954]
[956,957]
[958,959]
[959,960]
[996,997]
[997,998]
[1060,1061]
[1063,1064]
[1065,1066]
[1067,1068]
[1084,1085]
[1085,1086]
[1115,1116]
[1119,1120]
[1121,1122]
[1124,1125]
[1159,1160]
[1162,1163]
[1204,1205]
[1207,1208]
[1242,1243]
[1252,1254]
[1261,1262]
[1314,1318]
[1375,1376]

34735308249.mp4
[74,77]
[151,153]
[227,228]
[294,299]
[392,397]
[498,499]
[534,535]
[545,547]
[656,657]
[676,677]
[802,805]
[838,839]
[914,915]
[950,951]
[1022,1023]
[1126,1127]

34826559031.mp4
[3,4]
[15,16]
[27,28]
[42,43]
[84,85]
[116,117]
[165,166]
[206,207]
[372,373]
[397,398]
[449,450]
[465,466]
[487,488]
[551,552]
[644,645]
[680,681]
[727,728]
[756,757]
[838,839]
[929,930]
[969,970]
[982,983]
[1125,1126]
[1167,1168]

34997111048.mp4
[248,249]
[376,377]
[418,419]
[464,465]
[498,499]
[611,612]
[667,668]
[718,719]
[746,747]
[847,848]
[901,902]
[916,924]
[1046,1047]
[1153,1154]

35058272738.mp4
[31,32]
[42,43]
[113,114]
[120,121]
[344,345]
[370,371]
[378,379]
[628,629]
[653,654]
[681,682]
[726,727]
[755,756]
[788,789]
[826,827]
[952,953]
[1043,1044]
[1085,1086]
[1142,1143]

35148302184.mp4
[93,94]
[122,123]
[215,216]
[323,324]
[358,359]
[393,394]
[459,460]
[543,544]
[565,566]
[649,650]
[693,694]
[711,712]
[782,783]
[895,896]
[975,976]
[1034,1035]
[1161,1162]

35376600473.mp4
[102,103]
[126,127]
[219,220]
[327,328]
[414,415]
[501,502]
[547,548]
[616,619]
[667,668]
[739,740]
[763,764]
[814,815]
[841,842]
[880,881]
[912,913]
[1036,1037]
[1085,1086]
[1227,1228]

35503585073.mp4
[214,215]
[393,394]
[562,563]
[597,598]
[648,649]
[738,739]
[777,778]
[824,832]
[868,871]
[1078,1079]
[1181,1182]

35586081451.mp4
[216,219]
[393,394]
[456,462]
[562,563]
[597,598]
[648,649]
[739,740]
[777,778]
[826,832]
[870,871]
[1078,1079]
[1174.1175]

42369837226.mp4
[37,38]
[79,80]
[103,104]
[168,169]
[195,196]
[225,226]
[260,261]
[288,289]
[308,309]
[421,422]
[653,654]
[670,671]
[692,693]
[721,722]
[790,791]
[834,835]
[913,914]

42720414797.mp4
[6,7]
[25,26]
[49,50]
[58,59]
[92,93]
[106,107]
[135,136]
[144,145]
[174,175]
[250,251]
[375,376]
[391,392]
[431,432]
[462,463]
[507,508]
[527,528]
[555,556]
[575,576]
[592,593]
[613,614]
[675,676]
[699,700]
[741,743]
[762,763]
[764,765]
[804,805]
[811,812]
[891,892]
[920,921]
[950,951]
[961,962]
[996,997]

43640938712.mp4
[58,62]
[195,198]
[278,281]
[337,338]
[340,341]
[345,346]
[356,357]
[382,383]
[393,394]
[459,461]
[511,513]
[554,555]
[585,586]
[636,637]
[706,707]
[737,738]
[797,798]

43946073194.mp4
[108,109]
[162,163]
[201,202]
[257,258]
[259,260]
[291,292]
[308,310]
[385,386]
[527,528]
[606,607]

43959935979.mp4
[85,86]
[102,105]
[311,312]
[615,616]
[687,688]
[743,744]
[790,791]
[879,880]
[993,994]
[1080,1081]
[1278,1279]
[1388,1389]

44940814236.mp4
[44,45]
[82,83]
[115,116]
[191,192]
[243,244]
[368,369]
[478,479]

45049704464.mp4
[74,75]
[172,173]
[252,253]
[394,395]
[545,549]
[589,590]
[597,598]
[620,621]
[712,713]
[758,759]
[806,807]
[865,866]
[928,929]
[940,941]
[977,978]
[1085,1086]
[1121,1122]

45869327157.mp4
[91,92]
[208,209]
[219,220]
[231,232]
[238,239]
[253,254]
[264,265]
[322,323]
[330,331]
[345,346]
[368,369]
[373,374]
[390,391]
[396,397]
[449,450]
[478,486]
[617,618]
[688,689]
[718,719]
[789,790]
[864,865]

45926969256.mp4
[239,240]
[352,353]
[624,625]
[746,747]
[811,812]

46129365504.mp4
[143,146]
[206,208]
[237,238]
[292,293]
[363,364]
[417,420]
[477,480]
[518,519]
[559,560]
[587,588]
[633,634]
[664,668]
[724,725]
[784,785]

46910813787.mp4
[90,91]
[235,236]
[277,278]
[327,328]
[373,374]
[407,408]
[548,549]
[701,702]
[762,763]
[821,822]
[877,878]
[949,950]

46956136245.mp4
[106,107]
[176,177]
[223,224]
[367,368]
[387,388]
[452,453]
[562,563]
[563,564]
[577,578]
[592,593]
[625,626]
[638,641]
[655,656]
[682,683]
[692,694]
[708,709]
[825,826]
[919,920]
[1023,1024]

47342374963.mp4
[249,250]
[726,727]
[848,849]

47465432388.mp4
[377,378]
[427,435]
[486,487]
[602,603]
[654,655]
[694,695]
[740,741]
[794,795]
[863,864]
[960,961]
[1087,1088]

47465731636.mp4
[56,57]
[213,214]
[291,292]
[453,454]
[464,465]
[519,520]
[567,570]
[621,622]
[713,714]
[843,844]
[958,959]
[1021,1022]

47488048179.mp4
[549,550]
[581,582]
[800,801]
[853,854]
[957,958]
[1016,1017]

47897527291.mp4
[67,68]
[85,86]
[185,186]
[229,230]
[278,279]
[493,494]
[505,506]
[526,528]
[565,567]
[600,601]
[651,652]
[697,698]
[757,758]
[822,826]
[897,926]
[942,943]
[995,1004]
[1091,1092]

48104393926.mp4
[60,61]
[141,142]
[281,282]
[386,387]
[481,482]
[731,732]
[781,782]

48203803033.mp4
[73,74]
[347,349]
[562,564]
[746,747]
[832,833]
[861,862]
[923,924]
[1045,1046]
[1227,1235]
[1288,1289]

48523781757.mp4
[49,52]
[196,200]
[330,335]
[384,387]
[440,442]
[497,499]
[634,637]
[715,719]
[722,723]
[778,779]

48572938266.mp4
[72,73]
[164,167]
[280,281]
[308,309]
[349,350]
[381,382]
[475,476]
[486,487]
[647,648]
[669,670]
[756,757]
[817,818]
[904,905]
[1020,1025]
[1039,1040]

48625833288.mp4
[46,47]
[136,137]
[206,207]
[293,294]
[381,382]
[444,462]
[607,611]
[727,728]
[1139,1140]
[1197,1198]
[1272,1273]

48775198169.mp4
[576,577]
[626,627]
[666,667]
[691,692]
[751,752]
[756,757]
[809,810]
[836,839]
[868,869]
[889,895]
[989,990]

49127433280.mp4
[448,449]
[472,473]
[496,497]
[524,525]
[548,549]
[575,576]
[599,600]
[632,633]
[791,793]
[834,835]

49127689689.mp4
[77,78]
[100,104]
[136,137]
[179,181]
[304,305]
[484,485]
[564,566]
[609,610]
[695,696]
[725,726]
[750,751]
[800,802]
[836,837]
[844,845]
[901,902]
[962,964]
[1045,1046]
[1069,1070]
[1109,1110]
[1157,1158]

49130934084.mp4
[842,843]
[914,915]

49403842848.mp4
[31,33]
[97,100]
[241,244]
[292,293]
[343,349]
[381,384]
[424,428]
[438,439]
[515,518]
[586,589]
[650,651]
[765,766]

49410720838.mp4
[198,199]
[279,280]
[315,316]
[427,431]
[464,465]
[484,485]
[496,497]
[511,512]
[542,544]
[564,566]
[641,643]
[677,678]

49557131469.mp4
[63,64]
[234,235]
[323,324]
[345,349]
[419,420]
[427,428]
[467,468]
[515,516]
[534,536]
[558,559]
[585,586]
[614,615]
[668,669]
[695,696]
[752,753]
[810,811]

49587498761.mp4
[424,428]
[506,507]
[564,565]
[610,611]
[680,683]
[684,685]
[702,703]
[864,865]
[869,870]
[892,893]
[899,900]
[933,934]
[943,944]
[1044,1045]
[1088,1091]

49754499449.mp4
[155,156]
[679,680]
[774,775]

49855711054.mp4
[42,43]
[70,72]
[126,127]
[511,512]
[538,539]
[562,563]
[683,684]
[710,711]
[728,729]
[748,749]
[769,770]
[789,790]
[899,900]
[1056,1057]
[1126,1127]
[1164,1165]
[1205,1206]

49872472767.mp4
[76,77]
[305,306]
[372,373]

49872738423.mp4
[13,14]
[91,92]
[96,100]
[123,125]
[146,148]
[158,161]
[192,193]
[277,278]
[321,322]
[587,588]
[651,654]
[717,720]
[801,805]
[878,881]
[991,994]
[1083,1089]
[1116,1117]

49887728090.mp4
[242,243]
[300,301]
[348,349]
[380,381]
[455,456]
[523,524]
[543,544]
[840,841]
[894,895]

31039923748.mp4
731 732
1394 1395
1440 1441

31115140646.mp4
68 69
349 350
479 480
631 632
693 694
742 743
906 907
962 963

31369990247.mp4
36 37
125 126
187 222
331 332
567 568
787 788
877 878
919 920
958 959
1016 1017
1097 1098
1179 1180

31592864857.mp4
866 867
939 940
1050 1051
1090 1091
1143 1144
1182 1183

31678854743.mp4
478 479
544 548
604 609
691 692
1112 1114
1133 1134

31710278499.mp4
1432 1433
1691 1730
1881 1882
2158 2159
2246 2247
2468 2469
2869 2913
3013 3014

31869862653.mp4
961 962
998 999
1095 1096
1144 1145
1312 1323
1369 1370
1472 1486
1598 1599
1655 1664
1711 1712

31925233986.mp4
236 237
298 299
389 390
576 577
734 735
820 821
883 884
1008 1009
1043 1044
1127 1128

31965139093.mp4
211 212
992 993
1025 1026
1075 1076
1174 1175
1234 1238
1292 1293
1360 1361

32009330991.mp4
602 603
702 703
1139 1140
1276 1280
1313 1314
1391 1392

32040339680.mp4
250 280
520 550
901 902
955 956
1006 1007
1313 1314
1363 1364

32121101413.mp4
790 791
1118 1122
1150 1151

32121372263.mp4
677 678
863 864
1386 1387
1991 1992
2153 2154
2179 2180

32136210404.mp4
618 619
1004 1008
1043 1044
1075 1076
1139 1140

32161084032.mp4
1505 1506
1638 1639
1724 1725
1888 1889
1959 1960
2081 2082
2209 2210
2266 2267
2414 2415
2511 2512

32162106601.mp4
496 497
591 592
658 659
816 817
852 853
912 913
977 978
1005 1006
1079 1080
1128 1129

32167444467.mp4
1092 1100
1117 1118
1157 1158
1179 1180
1239 1240
1319 1320

32265222150.mp4
530 531
643 644
726 727
812 813
862 863
991 992
1054 1075
1130 1131

32295170637.mp4
384 385
499 500
603 604
620 621
625 629
646 647
656 657
827 832
844 852
877 878
945 949
981 982
1013 1014
1066 1067
1083 1084
1110 1111
1132 1133
1156 1166
1200 1201


32308629215.mp4
271 272
482 483
535 536
777 778
914 915
1015 1016
1063 1064
1156 1157
1172 1174
1178 1179
1251 1252

32421132231.mp4
444 445
486 487
720 721
905 906
1081 1082
1126 1127

32422451759.mp4
39 40
856 859
1137 1138
1187 1188

32438033851.mp4
413 414
424 425
501 502
532 533
561 562
576 577
625 626
638 639
803 804
878 879
900 901
1010 1011
1048 1049
1093 1094
1152 1153

32438314938.mp4
106 107
127 128
145 146
170 171
241 242
260 261
300 301
400 401
423 424
496 497
564 565
596 597
666 667
684 685
762 763
786 787
807 808
842 843
891 892
1005 1006
1089 1090
1136 1137

32438320556.mp4
502 503
551 552
683 684
734 735
781 782
892 893
924 925
1045 1046
1118 1119
1150 1151

32541395288.mp4
136 137
294 295
398 399
636 637
854 855
986 987
1071 1072
1135 1141
1171 1172

32752174003.mp4
721 722
793 794
1080 1081
1205 1210
1254 1255
1295 1296
1332 1333

32757283345.mp4
280 290
374 375
408 409
482 483
759 760
760 761
873 874
876 877
972 973
997 998
1016 1017
1050 1051
1111 1112
1126 1127

32799135771.mp4
175 200
263 264
378 399
475 499
605 606
700 710
840 855
927 932
1012 1034
1140 1141
1247 1248
1512 1513
1650 1675
1765 1780
1795 1808
1886 1900

32852957139.mp4
309 310
558 559
702 710
757 758
909 910
929 930
960 961
1003 1004
1051 1052
1092 1093
1201 1202
1260 1261

32975094889.mp4
1008 1009
1369 1389
1422 1423

32990313921.mp4
321 322
409 410
589 590
621 622
685 686
874 882
1243 1264
1295 1296

32990320051.mp4
107 108
195 196
267 268
305 306
328 329
373 374
444 445
496 497
665 666
691 692
703 704
961 962
986 999
1356 1357
1408 1409

32990367452.mp4
212 213
301 302
401 402
473 474
551 556
701 702
741 721
813 814
949 950
1056 1060
1134 1135


33159493305.mp4
246 252
314 315
342 343
386 400
524 536
565 566
685 686
765 775
837 838
88 889
937 938
1048 1075
1173 1178
1250 1251


33191143665.mp4
180 181
223 224
269 270
381 382
417 418
470 471
673 674
867 868
962 963
1156 1162
1181 1182
1232 1234
1319 1314
1358 1361
1433 1434


33244456590.mp4
768 769
858 859
968 969
1215 1216
1316 1317


33311786246.mp4
262 263
358 359
458 459
540 541
617 618
1350 1366
1458 1459


33345104799.mp4
338 339
354 355
493 494
516 517
582 583
646 700
1108 1109
1221 1222


33367025326.mp4
73 74
237 238
503 504
625 626
657 658
743 745
943 949
1007 1008
1185 1186
1240 1241


33411821099.mp4
245 246
733 734
788 789
893 894
944 945
969 970
999 1000
1024 1030
1038 1040
1056 1057
1089 1090
1179 1180

33486021782.mp4
436 437
500 501
540 541
581 582
622 623654 655
712 713
796 797
854 859
883 884
1017 1018
1049 1050
1085 1086
1132 1133


33626398622.mp4
700 701
777 778
840 854
1021 1022
1044 1045
1130 1131
1169 1174
1184 1185
1214 1215


33628616166.mp4
88 89
140 141
231 232
336 337
447 448
489 522
552 556
573 574
673 674
809 810
851 853
886 887
944 945
970 971
980 981
1001 1002
1025 1026
1050 1051
1086 1087


33748280713.mp4
713 714
746 749
766 775
787 788
845 846
875 876
981 982
1008 1009
1072 1073
1111 1112
1185 1192
1288 1289


33753379915.mp4
133 144
242 243
334 335
373 374
418 419
472 473
537 538
626 627
662 663
790 791
906 907
962 972
1025 1026
1130 1131


33756969635.mp4
87 88
131 132
295 296
342 343
434 435
595 596
647 648
675 676
749 750
885 886
951 952
1113 1114
1198 1199
1494 1495
1630 1631
1875 1876
1980 1981
2231 2232
2408 2417
2529 2530




33803486092.mp4
198 199
278 288
305 307
347 348
456 457
478 479
533 540
615 620
786 787
873 874
926 927
964 965
1044 1045
1312 1313


33833541795.mp4
175 176
344 345
422 423
647 648
699 722
799 800
878 889
973 974
1067 1068
1186 1187
1277 1278
1382 1383


33880707972.mp4
157 158
208 209
328 355
385 386
440 462
526 527
592 593
667 668
722 723
823 824
894 895
1021 1022
1047 1048
1085 1086
1138 1143
1261 1262



34077805105.mp4
40 41
70 90
139 140
164 165
204 205
207 208
352 353
396 397
462 463
491 492
511 512
549 550
659 660
713 714
756 757
793 794
889 890
986 987
1019 1020
1289 1290
1374 1375
1410 1411


34140088927.mp4
10 11
27 28
81 82
110 111
143 144
178 179
259 260
305 306
321 322
369 370
401 402
443 444
510 511
562 563
617 618
641 642
713 714
760 761
910 911
939 940
1013 1014
1051 1052
1089 1090


34169304338.mp4.png
15 16
64 65
143 144
222 223
261 262
319 320
336 337
353 354
386 387
479 480
509 510
528 529
559 560
642 643
660 661
691 692
730 731
807 808
879 880
912 913
923 924
1042 1043
1055 1056
1098 1099
1206 1207
1252 1299
1338 1339


34234594601.mp4
74 77
97 98
129 149
173 174
201 202
235 236
309 310
371 372
450 451
477 478
518 519
560 561
587 588
633 634
712 713
800 801
828 829
849 850
869 870
991 992
1012 1013
1028 1029
1062 1063
1127 1128
1210 1211
1246 1247



34235506183.mp4
54 55
105 106
175 176
208 209
223 224
208 209
273 274
330 331
344 345
368 369
423 424
484 485
544 545
557 558
621 622
638 639
668 669
723 724
937 938
972 973
1188 1189



34259980761.mp4
39 40
108 109
156 157
234 235
321 322
421 422
447 448
524 525
583 584
627 628
702 703
907 908



34297736227.mp4
54 55
102 103
136 137
202 203
227 228
304 305
363 364
455 456
476 477
550 561
886 887
970 971


34317444563.mp4
87 88
188 189
296 297
425 426
611 631
768 769
1077 178


34514316963.mp4
11 12
44 45
74 75
128 129
135 155
209 210
231 232
281 282
305 319
399 400
487 488
686 687
693 695
1260 1261


34515393563.mp4
93 94
315 316
685 686
828 829
874 875
930 931
1019 1020
1053 1054
1093 1094



34522237188.mp4
123 124
165 166
211 212
381 382
405 406
556 557
613 614
709 710
755 756
808 809
903 904
1052 1053
1109 1110
1202 1203


34565904245.mp4
8 9
83 90
246 247
313 314
424 425
504 505
960 961
1297 1298


34618508918.mp4
100 101
201 202
311 312
403 404
467 468
539 540
608 609
685 686
765 766
830 831
827 828
1199 1200
1269 1270


34623272829.mp4
90 95
134 136
268 269
302 303
1410 1411
452 453
501 502
638 639
762 763
809 810
857 858
988 989
1054 1055
1127 1128



34679935012.mp4
17 18
30 31
89 90
128 129
259 260
287 288
345 346
371 372
454 456
544 545
589 590
655 656
685 686
701 702
752 753
824 825
987 988
1151 1152


34711686982.mp4
25 26
59 60
87 88
143 144
238 239
283 284
408 412
502 503
571 579
707 708
825 826
929 930




34734844591.mp4
72 73
131 132
241 242
274 275
348 349
393 394
511 512
553 554
600 601
619 620
770 771
863 864
915 916
993 994
1090 1091
1144 1145

34781314185.mp4
10 11
157 159
351 372
564 565
955 956
1102 1103
1291 1292
1423 1424
1588 1593
1670 1671
1885 1886
2041 2049
2120 2122
2384 2386


34781316819.mp4
10 11
96 115
334 335
351 352
334 335
500 522
588 589
650 651
670 671
779 800
1053 1054
1206 1207


34813876951.mp4
85 86
182 183
271 272
778 779
996 997
1070 1071
1131 1132
1379 1380
1502 1503
1683 1684
1835 1836
2192 2193
2332 2333


34927409714.mp4
36 37
338 339
530 531
588 589
644 645
804 805
944 945
998 999
1027 1028
1255 1256
1333 1334



34933978422.mp4
111 112
171 172
199 200
355 356
429 430
610 611
664 665
746 747
856 857
1020 1021
1109 1110
1151 1152


34985342322.mp4
21 30
130 134
202 203
712 713
802 803
1094 1095
1343 1344
1393 1394


34992007229.mp4
24 25
139 140
303 304
718 719
782 783
1105 1106
1181 1182


34996382026.mp4
105 106
269 270
414 415
604 605
706 707
1131 1156
1210 1211


34996426230.mp4
60 61
139 140
323 324
365 366
396 418
543 544
621 622
858 865
910 911
8269 8270
8357 8358
1430 1431


35002671541.mp4
170 171
293 294
350 351
484 489
567 588
629 630
753 772
842 843
933 934
1128 1129
1201 1202


35051390271.mp4
43 44
122 123
294 305
342 343
417 418
608 609
724 725
766 767
822 823
894 895
1025 1026
1101 1102
1142 1143


35056750469.mp4
47 48
103 122
209 210
400 401
480 481
657 658
924 925
1067 1068
1189 1190



35138605805.mp4
30 31
114 115
238 239
392 393
634 644
795 796
900 914
1026 1042
1412 1413
1496 1513
1631 1632


35142695510.mp4
113 114
148 149
289 290
355 356
409 410
532 533
563 564
687 589
689 690
705 706
788 789
1241 1242
1276 1277


35158976648.mp4
642 643
846 847
1142 1143
1202 1212
1333 1334


35160045646.mp4
30 31
199 200
257 258
327 328
502 503
601 602
909 910
953 954
1014 1015
1127 1128
1205 1206


35185375464.mp4
24 25
59 60
176 177
287 288
368 369
447 448
481 482
518 519
661 662
763 764
890 891
922 923
958 959
1151 1152
1230 1241
1365 1366


35187920697.mp4
12 13
121 122
181 182
333 334
360 361
620 621
736 737
926 927
1042 1053
1142 1143
1200 1201


35189736055.mp4
7 9
59 60
161 162
225 238
336 350
623 650
765 782
874 889
1028 1045
1216 1217


35211124284.mp4
180 181
291 292
335 336
471 472
590 591
665 666
840 841
950 962
1055 1065
1295 1296
1365 1366
1494 1495


35226845932.mp4
11 12
118 119
195 196
249 250
414 415
666 667
735 736
1045 1046
1142 1143


35243441257.mp4
685 686
739 640
1067 1068
1349 1350


35268783543.mp4
52 53
95 96
335 336
372 373
451 451
535 336
653 654
735 736
982 983
1310 1311


35315766956.mp4
43 45
67 68
214 215
319 320
450 451
517 518
637 638
811 821
1001 1002
1107 1108
1185 1186
1231 1232
1363 1364


35321151101.mp4
56 57
185 186
275 276
342 343
432 443
519 520
606 607
670 671
706 707
788 789
847 848
1227 228
1358 1359


35336877612.mp4
27 28
86 94
275 286
469 504
536 537
601 602
774 775
814 831
1070 1071
1145 1146


35354305782.mp4
24 25
108 109
163 164
229 230
413 414
513 514
584 585
690 691
501 502
882 883
926 927
1026 1027
1216 1217
1278 1279


35357807924.mp4
56 57
82 86
100 101
218 219
326 327
484 485
529 530
616 617
1246 1247
1369 1370


35364395192.mp4
111 112
165 166
310 311
414 415
453 454
518 519
557 558
594 595
578 579
727 728
937 938
1017 1018
1102 1103
1183 1184


35367535365.mp4
260 261
356 357
445 446
545 546
810 822
1009 1010
1150 1151
1284 1287
1420 1421


35375003807.mp4
34 35
65 66
147 148
267 258
371 372
405 406
470 471
516 517
568 569
626 627
1178 1179


35386287020.mp4
26 27
129 130
243 244
296 297
402 403
495 496
685 686
1200 1201


35407249896.mp4
73 74
126 127
169 170
258 259
365 366
465 466
724 725
794 795
975 976
1071 1073


35408203294.mp4
129 130
352 353
405 406
543 544
766 767
924 935
1090 1091
1133 1134
1145 1146


35419927683.mp4
112 113
722 723
817 818
1004 1008
1129 1130


35421200447.mp4
44 45
132 133
385 386
508 509
727 728
833 834
936 937
1031 1032
1062 1063
1117 1118
1183 1184
1215 1216
1339 1340
1388 1389
1530 1531


35423694281.mp4
91 92
141 142
221 222
243 244
285 286
316 334
382 383
514 515
565 566
593 594
654 655
697 698
784 785
879 880
995 996
1039 1049
1057 1058
1110 1126
1169 1170
1180 1196
1211 1212
1247 1248



35425972188.mp4
116 117
305 306
407 408
510 511
643 644
799 800
887 888
1012 1013
1146 1147
1287 1288
1438 1439
1529 1530
1873 1874
2236 2237
2318 2319
2448 2449
2543 2544
2613 2630
2672 2673
2713 2714
2839 2840



35450169862.mp4
127 128
145 146
245 246
274 275
320 321
350 351
420 421
474 475
498 499
534 535
556 557
599 600
628 629
665 666
705 706
724 725
748 749
795 796
805 806
847 848
862 863
897 898
914 915
952 953
962 963
1106 1107
1115 1116
1200 1205
1236 1237
1327 1328
1407 1408



35452926759.mp4
103 104
209 210
339 340
395 396
458 459
498 499
611 612
722 723
901 902
983 1000
1040 1041
1080 1086
1120 1121
1228 1229
1293 1305
1339 1340





35455002104.mp4
399 411
506 507
532 541
652 653
1322 1330
1364 1365
1532 1533



35463382537.mp4
1088 1089
1341 1343
1521 1522
1789 1790


35494642760.mp4
179 206
370 381
390 391
420 421
481 482
722 723
791 792
992 993
1148 1149
1209 1210






35509361223.mp4
25 26
71 72
132 133
158 159
277 278
402 403
613 626
694 696
713 716
804 805
874 875
944 945
1061 1066
1128 1129


35510509647.mp4
100 110
1024 1062
1124 1158
1238 1239



35516082091.mp4
71 72
220 221
588 589
544 545
614 615
664 665
736 737
846 847
915 916
962 963
1001 1002
1058 1059
1095 1096
1165 1166
1219 1220
1255 1256
1300 1301


35647610746.mp4
110 111
222 223
342 343
364 368
419 420
535 536
621 622
654 655
766 767
894 895
1041 1042
1071 1072
1120 1123
1246 1247


35661097737.mp4
30 31
87 88
268 269
335 336
413 414
434 437
472 473
410 417
598 599
641 642
773 774
875 876
926 927
969 980
1026 1027
1112 1113



35693568966.mp4
417 418
198 199
281 282
327 328
386 387
446 447
500 511
1049 1060
1125 1126


35693715943.mp4
83 84
133 134
217 218
515 516
737 738
783 784
904 905
1090 1091
1117 1118
1261 1262
1302 1303
1332 1333
1424 1425
1481 1482
1535 1536


35703217392.mp4
188 189
300 320
409 410
600 613
901 912
944 945
1030 1050
1106 1107
1271 1272
1323 1324




40924061188.mp4
2654 2655


41475138178.mp4
92 99
1058 1149
1710 1711
1798 1806


43948854961.mp4
18 19
118 126
214 224
261 283
323 330
397 415
474 475
527 532
628 629
680 686
757 769
813 827
869 874
952 966
1020 1025
1126 1127


45053560055.mp4
81 82
136 158
489 490
565 566
602 603
734 743
758 759
768 769
804 805
906 907
928 929
981 982
1089 1090
1133 1134
1305 1306
1361 1362
1420 1421



45347680871.mp4
233 251
348 353
610 616
633 634
681 682



46457209838.mp4
417 418
431 432
469 470
580 594
707 708
730 734
757 758
825 826
925 926
1021 1022
1082 1083


47102018550.mp4
1163 1164
1213 1214



47686645993.mp4
724 739
874 899
1870 1871

48337748180.mp4
3 4
152 153
258 259
405 406
688 689
866 867
968 882
1276 1277
1604 1605
1665 1666
1722 1726
1744 1754
1875 1876


48601134098.mp4
202 206
220 224
251 252
281 282
370 374
387 393
569 570
969 970
1025 1026
1155 1158
1352 1353


48625829891.mp4
387 388
485 586
797 798
1165 1166
1203 1204
1274 1275
1538 1353
1606 1625
1648 1649
1799 1800
1933 1934
2036 2037
2191 2192
2255 2256
2405 2406


48652679227.mp4
1002 1014
1081 1082


48827388116.mp4
64 65
92 93
249 260
276 277
306 307
491 492
515 516
608 609
964 965
1004 1005
1057 1058
1078 1079
1096 1097
1116 1117
1268 1269
1362 1363
1433 1434
1450 1451


48827928428.mp4
88 89
143 146
184 190
259 271
306 307
392 393
465 470
639 640
745 752
833 834
874 879
909 913
980 981



48828037209.mp4
603 604
684 688
733 734
966 967
997 998
1067 1068
1123 1124
1157 1158
1258 1259
1344 1345
1517 1518


48925814257.mp4
153 154
327 328
425 426
576 577
668 669
774 775
957 958
1081 1082
1190 1191
1234 1235
1277 1278
1459 1460
1555 1556
1600 1606
1762 1763
1996 1997
2167 2168
2318 2319
2428 2438
2539 2540


49139882137.mp4
621 622
770 773
836 837
882 883
1044 1045
1144 1145
1379 1380
1604 1605
1838 1839
1970 1971
2164 2165
2223 2224


49147848739.mp4
137 161
581 599
1089 1114
1457 1482
1533 1541
2069 2070
2135 2147
2221 2230
2287 2309
2447 2455
3020 3032
3133 3140
3381 3382



49192179210.mp4
534 544
967 976
1181 1182
1326 1327
1355 1356
1419 1420
1511 1512
1572 1573
1755 1756
1826 1829
1895 1896



49373127698.mp4
60 64
220 227
299 313
346 356
404 412
639 649
782 783
978 979
1058 1059
1108 1109
1176 1177
1219 1220



49416354126.mp4
740 741
783 788
801 812
959 960
1108 1109
1179 1180


49417051750.mp4
55 56
103 104
176 177
229 230
282 324
375 376
490 491
579 580
625 642
927 928
1058 1059
1592 1593


49450639159.mp4
295 299
372 373
474 477
562 563
590 591
643 644
714 715
825 826
882 883
937 948
1035 1036
1117 1118
1142 1143


49465114358.mp4
221 222
304 308
352 353
446 447
546 547
649 650
707 711
771 772
785 786
808 814
860 868
899 921
1036 1042
1054 1055


49515076901.mp4
159 160
195 196
388 389
422 423
522 523
568 569
657 658
734 735
875 876
964 965
978 979
1028 1029


49524073980.mp4
179 189
490 500
522 532
649 650
960 962
1006 1007
1039 1040
1495 1513
1672 1673



49645887398.mp4
136 147
280 299
504 505
564 565
869 886
1017 1018


49815800859.mp4
1 2
42 43
44 45
321 322
602 603
730 736
789 790
1029 1039
1096 1077
1129 1130


49836185213.mp4
213 214
454 474
630 643



49915772283.mp4
55 65
190 191
374 375
784 785
818 824
1245 1246
1327 1328
1570 1571


49922311219.mp4
1544 1545
1624 1625
1718 1719
1949 1948
2199 2200
2324 2325
2439 2440



49970881412.mp4
299 300
448 450
570 571
602 603
659 660
736 739
797 798
886 889
917 923
965 966
1010 1019
1130 1135
1146 1147


49983246101.mp4
17 18
99 100
233 234
397 398
527 528
610 611
730 731
925 926
987 988
1055 1056
1086 1087


50116895215.mp4
38 39
103 104
185 186
240 241
272 273
325 326
425 426
457 458
636 637
773 774
876 877
906 907
1010 1011
1075 1076


50164167998.mp4
234 235
605 606
865 866
1218 1219
2092 2093
2237 2238
2556 2557
2833 2834
3006 3007


50175375199.mp4
101 107
420 430
502 503
604 617
769 770
881 882
949 950
1009 1010


50228981778.mp4
215 216
409 410
539 540
902 903
916 917
1477 1478
1533 1534


50271229486.mp4
185 186
218 219
760 761
958 959
1046 1047


50556145002.mp4
63 64
79 80
160 161
194 195
483 484
683 688
727 728
808 809


50615452928.mp4
86 87
175 176
305 306
437 449
607 608
763 769
907 908
1050 1060
1789 1790
1947 1949


50633161542.mp4
67 68
106 107
704 713
1490 1491


50636916458.mp4
84 85
167 175
244 250
299 300
585 586
647 648
848 849
1119 1120
1230 1231


50695298048.mp4
145 146
260 261
349 350
562 563
2009 2010


50738374936.mp4
58 59
109 110
136 137
267 268592 593
730 731
1020 1021
1157 1158


50781514005.mp4
660 661
708 709


50795155395.mp4
1169 1170
1423 1424


50887088836.mp4
762 763
1036 1037


51044152259.mp4
1136 1137
1268 1269


51084105965.mp4
229 237
714 715
1009 1010


51123638710.mp4
201 202
429 430
633 634
681 685
830 839
1075 1076
1134 1135


51152862192.mp4
626 647
754 755
835 836
877 878


51157073064.mp4
994 995
1113 1114


51176064930.mp4
91 92
235 236
334 335
748 749
1113 1114
1204 1205



51176146041.mp4
91 92
334 335
748 749
1113 1114
1204 1205


51176147033.mp4
91 92
235 236
334 335
621 622
748 749
1113 1114
1204 1205


51213853082.mp4
60 61
335 336
584 585
668 669
838 844
1196 1997
1425 1436
1682 1691
1732 1722
1817 1818
1992 1993
2100 2101
2239 2240


51238366826.mp4
988 989


51454215799.mp4
225 245
397 398
491 496
595 619
983 984
1080 1081


51461390829.mp4
410 411
897 898


51509132104.mp4
295 296
759 760
1028 1029
1074 1075
1144 1145


51519391219.mp4
93 94
253 254
325 326
467 468
764 765
979 980



51553149763.mp4
1564 1465
1561 1562


51570655107.mp4
85 86
106 107
320 321
536 537
596 597
763 764
867 868
977 978
1004 1005
1551 1552


51626358309.mp4
295 296
546 547
1028 1029
1144 1145


51627500290.mp4
368 369
583 584
864 865



51639614146.mp4
1211 1212


51665946207.mp4
986 990
1081 1082
1216 1217
1486 1487
1552 1553


51817147001.mp4
176 177
395 430
814 850
1025 1026
1432 1434
1803 1804


51826083092.mp4
2045 2046


51844767178.mp4
104 105
422 423
552 553
742 743
817 818


51853848543.mp4
214 215
536 537
554 555
759 760
1115 1116
1157 1158
1351 1352
1446 1447
1567 1568
1639 1640


51866115507.mp4
423 429
568 569
640 641
518 519
1141 1142
1312 1313
1454 1455
1657 1658
1841 1842


51874110657.mp4
166 167
967 968
1254 1265
1435 1436


51880404180.mp4
74 75
143 144
227 228
411 412
637 638
710 711
831 832
946 947
1172 1173
1547 1548
1637 1638


51892349004.mp4
295 296
946 947
1028 1029
1074 1075
1144 1145


51913062401.mp4
3101 3102


51922262058.mp4
3288 3289


51947922386.mp4
35 42
322 332
511 512
659 660
926 927
1034 1035
1212 1213
1352 1353
1422 1423
1466 1467

51964416764.mp4
125 126
257 258
364 365
468 469
524 525
161 162
1236 1237
1376 1384
1554 1555
1861 1862
1982 1983
2116 2117
2274 2275


51965538314.mp4
62 63
85 86
146 147
175 176
450 451
555 556
680 681
1015 1016
1191 1199
1458 1439


51965799434.mp4
109 110
813 814
1148 1149
1571 1572


51974802618.mp4
285 286
841 842
918 919
1011 1012
1286 1287


51980526771.mp4
174 190
317 318
369 370
420 430
617 618
1192 1195
1247 1248
1385 1386
1537 1538


51997185525.mp4
109 110
141 142
827 828
857 858



51997190645.mp4
472 473
504 505
661 662
753 754
954 955
987 988


52017075355.mp4
72 73
286 292
483 484
655 656
760 768
798 802
830 835
889 895
925 929
996 997



52017751771.mp4
153 154
225 226
422 423
529 530
604 605
657 675
786 795
839 841
991 992



52028253827.mp4
185 190
275 280
343 344
384 385
428 429
450 452
515 522
712 720
826 827
1046 1047
1061 1062
1090 1094
1236 1240
1254 1260
1360 1376
1440 1441


52030704748.mp4
233 274
662 663
794 795
1528 1529
1780 1781
2067 2068


52040607621.mp4
39 79
168 178
655 636
723 724
854 855
868 878
988 989
1350 1351


52042211932.mp4
601 602
640 645
746 749
780 781
902 903
1038 1049
1110 1111


52210983717.mp4
44 51
618 634
904 905
919 920
937 938
1026 1027
1079 1080
1133 1134

52211686343.mp4
114 145
324 325
536 540
823 824
889 890



52211691729.mp4
148 149
229 230
321 320
392 393
664 665
720 721
774 802
947 948
1008 1009
1183 1192
1255 1265
1442 1462
1722 1730
1788 1789
1884 1885
2095 2096


52233300885.mp4
152 153
266 267
359 360
437 450
459 470
532 533
637 638
861 862
903 904
947 949
984 985
1075 1076
1126 1133
1190 1209
1263 1264


52267973639.mp4
2084 2085


52303283018.mp4
94 95
103 104
112 113
419 420
452 461
478 479
560 561
616 617
629 630
667 668
760 761
838 839
995 996
1077 1078




52303307469.mp4
96 97
115 116
142 143
242 243
286 287
399 400
429 430
523 524
542 543
569 570
616 627
690 691
762 763
865 875
889 899



52308597105.mp4
30 31
55 56
193 194
332 333
399 400
544 545
621 622
725 726
1028 1029
1100 1101
1144 1155
1262 1263
1386 1387
1409 1410



52389563309.mp4
448 455
568 569
627 628
758 759
770 771
904 914
1027 1028
1095 1096
1368 1369


52398997599.mp4
77 78
102 103
217 218
244 245
296 297
396 397
450 451
619 620
670 671
754 562
774 775
836 837
931 940
959 960
992 993
1009 1010


52402872325.mp4
260 270
422 443
859 869
964 965


52405796293.mp4
125 126
257 258
364 365
761 762
868 869
901 902
994 995
1230 1231
1377 1387
1433 1447
1621 1627
1778 1784
1837 1847
1903 1908
1964 1974
1980 1983
2116 2117
2274 2275



52411921342.mp4
113 114
153 154
207 208
452 453
590 602
712 713
780 781
926 936
956 957
1153 1154
1456 1457


52425703272.mp4
522 537
632 636
668 669
780 781
829 825
960 969
1125 1135
1349 1351
1404 1405




52437803649.mp4
45 46
583 588
608 609
759 760
1014 1015
1017 1027
1086 1087



52448664807.mp4
156 157
227 237
266 267
336 337
507 517
542 543
607 608
738 739
899 900
1072 1074
1160 1166
1175 1176
1254 1255
1352 1359
1433 1435
1534 1535
1620 1621


52458952368.mp4
308 310
765 766
803 814
879 880
1142 1143
1171 1172
1303 1304
1461 1462



52484216118.mp4
194 195
363 364
711 712
914 915
1172 1176
1211 1212
1357 1366
1403 1404
1442 1445
1517 1518
1553 1554
1581 1582
1641 1642
1705 1706




52526356293.mp4
70 75
243 253
277 278
568 575
767 768
1019 1020



52572563971.mp4
98 99
144 145
253 255
391 392
478 479
515 516
561 562
605 606
666 667
700 701
735 736
857 874
1013 1014
1101 1102
1162 1163
1270 1275
1343 1345
1388 1389
1474 1475
1490 1491
1569 1570
1614 1615
1655 1656
1774 1818
1971 1972


52607080564.mp4
251 284
522 555
787 824
990 1024
1237 1273
1523 1524


52607687923.mp4
145 146
203 204
261 262
313 314
375 376
431 432
485 486
543 544
587 588
653 654
705 706
755 756
817 818
877 878
925 926
991 992
1035 1036
1087 1088



52653168672.mp4
251 261
308 309
418 419
1324 1334
1536 1538
1670 1671
1750 1775
1994 1995



52659068467.mp4
628 639
668 669
829 840
960 969
994 995
1124 1128
1355 1358
1405 1406



52659072278.mp4
522 535
632 636
668 669
746 747
780 781
829 835
9993 995
1125 1126
1310 1311
1405 1406



52675577786.mp4
295 296
546 547
759 760
1028 1029
1074 1075
1144 1145



52762631189.mp4
8 15
190 195
288 289
403 427
570 571
611 612
1269 1270



52820880226.mp4
300 304
453 454
1667 1668
1749 1759
1891 1892
2049 2062
2105 2106
2193 2194
2277 2283
2347 2348
2511 2526
2589 2590



52821056053.mp4
60 61
159 160
272 273
340 341
366 367
442 443
515 516
543 544
603 609
754 774
817 824
855 856
961 963
1018 1019
1090 1091
1107 1108


52886359806.mp4
59 60
174 175
334 341
655 661
692 697
754 757
787 795
893 899
965 966
1030 1034


52889849627.mp4
21 22
96 97
222 223
596 597
660 664
710 711
926 936
983 984



52900953441.mp4
929 930
1075 1085
1141 1142
1291 1303
1579 1580
1659 1660
1841 1842


52903736685.mp4
85 92
133 134
165 166
199 200
233 234
474 475
708 715
787 792
849 852
1062 1067
1121 1122


52908176375.mp4
197 198
392 393
577 578
662 670
733 734



52954159649.mp4
517 518
599 610
627 628
707 708
732 740
779 780
834 847
867 868
971 972
1031 1032
1128 1130
1166 1167
1290 1291
1405 1412
1477 1478


52964272776.mp4
102 103
590 606
644 645
767 768
904 905
1111 1112



53015194324.mp4
174 175
303 303
368 369
596 601
651 654
773 774
795 796
831 832
875 876
904 905
947 955
996 1004
1074 1075
1105 1106
1121 1122
1140 1147



53019779896.mp4
82 83
358 359
493 494
569 570
641 642
806 816
970 971
1047 1048
[1160 1161
1287 1288
1383 1384
1517 1518
1740 1741
2084 2090
2224 2234
2366 2367


53080660168.mp4
314 315
1518 1519
1863 1864
1897 1898



53081101894.mp4
283 300
555 560
829 833
1146 1147


53108672522.mp4
155 156
393 394
527 528
583 584
845 924
980 1000
1234 1242
1311 1312
1452 1453
1478 1479
1511 1512
1585 1586
1669 1670
1737 1738



53109646679.mp4
459 460
473 474
633 634
880 889
975 976


53117129131.mp4
152 161
294 300
479 489
657 658


53120061065.mp4
404 414
831 839
1256 1257



53236043766.mp4
88 98
340 352
628 635
1216 1217
